Summary for 
Statistics_5.txt++++++++++++++++++++++++++++++++

For dataset A, the majority is :B

Accuracy with majority is : 0.23


For dataset B, the majority is :B

Accuracy with majority is : 0.257


Distribution for A

++++++++++++++++++++


Unigram

0.10595835007210155 0.005074568700834192 0.36748331179833726 0.48209422768263077 0.00656492362434941 0.00656492362434941 0.00656492362434941 0.00656492362434941 0.00656492362434941 0.00656492362434941 
Bigram

0.19263474890262489 0.24947467659292666 0.09463887260837651 0.06617881455658173 0.06617881455658173 0.06617881455658173 0.06617881455658173 0.06617881455658173 0.06617881455658173 0.06617881455658173 
0.34588863698024164 0.38583153871036396 0.03353497803867428 0.03353497803867428 0.03353497803867428 0.03353497803867428 0.03353497803867428 0.03353497803867428 0.03353497803867428 0.03353497803867428 
0.13112666125758204 0.4926975474501052 0.04702197391153915 0.04702197391153915 0.04702197391153915 0.04702197391153915 0.04702197391153915 0.04702197391153915 0.04702197391153915 0.04702197391153915 
0.3841473843594043 0.19402603311410196 0.05272832281581169 0.05272832281581169 0.05272832281581169 0.05272832281581169 0.05272832281581169 0.05272832281581169 0.05272832281581169 0.05272832281581169 
0.4452612753223192 0.09644508484327083 0.0572867049793013 0.0572867049793013 0.0572867049793013 0.0572867049793013 0.0572867049793013 0.0572867049793013 0.0572867049793013 0.0572867049793013 
0.26721041807257945 0.35269580251081417 0.047511722427075805 0.047511722427075805 0.047511722427075805 0.047511722427075805 0.047511722427075805 0.047511722427075805 0.047511722427075805 0.047511722427075805 
0.05402691926709256 0.4598281614004229 0.06076811491656062 0.06076811491656062 0.06076811491656062 0.06076811491656062 0.06076811491656062 0.06076811491656062 0.06076811491656062 0.06076811491656062 
0.06754128517982033 0.004006069749763307 0.05138363445135863 0.012489138203481853 0.23643647406427726 0.05754467341369385 0.11079330616364375 0.1532684729246537 0.1532684729246537 0.1532684729246537 
0.41757801027090663 0.10042213898580934 0.060249981342910534 0.060249981342910534 0.060249981342910534 0.060249981342910534 0.060249981342910534 0.060249981342910534 0.060249981342910534 0.060249981342910534 
0.1116077126717996 0.22448905052772 0.47815705965862343 0.026535168163122444 0.026535168163122444 0.026535168163122444 0.026535168163122444 0.026535168163122444 0.026535168163122444 0.026535168163122444 

Trigram
0.012722118770396506 0.3522620126750828 0.2149024421410847 0.060016203773347966 0.060016203773347966 0.060016203773347966 0.060016203773347966 0.060016203773347966 0.060016203773347966 0.060016203773347966 
0.0339517323116437 0.11878680721584603 0.4725716265502099 0.05352711913175716 0.05352711913175716 0.05352711913175716 0.05352711913175716 0.05352711913175716 0.05352711913175716 0.05352711913175716 
0.17131024564476935 0.255388191754887 0.3357738167697428 0.0339325351186573 0.0339325351186573 0.0339325351186573 0.0339325351186573 0.0339325351186573 0.0339325351186573 0.0339325351186573 
0.3805759899524028 0.3412070253828876 0.034777123083088717 0.034777123083088717 0.034777123083088717 0.034777123083088717 0.034777123083088717 0.034777123083088717 0.034777123083088717 0.034777123083088717 
0.16066091383279987 0.32357962736568735 0.29463872534431085 0.03158867620817168 0.03158867620817168 0.03158867620817168 0.03158867620817168 0.03158867620817168 0.03158867620817168 0.03158867620817168 
0.4459178299403296 0.16562737335787162 0.048556849587724826 0.048556849587724826 0.048556849587724826 0.048556849587724826 0.048556849587724826 0.048556849587724826 0.048556849587724826 0.048556849587724826 
0.19176376335042322 0.1948135186405211 0.26948257013666005 0.04913430683891371 0.04913430683891371 0.04913430683891371 0.04913430683891371 0.04913430683891371 0.04913430683891371 0.04913430683891371 
0.25136480268706796 0.3794853932240785 0.04614372551110671 0.04614372551110671 0.04614372551110671 0.04614372551110671 0.04614372551110671 0.04614372551110671 0.04614372551110671 0.04614372551110671 
0.0644294905505167 0.2757539238831954 0.23197806272182483 0.06111978897778041 0.06111978897778041 0.06111978897778041 0.06111978897778041 0.06111978897778041 0.06111978897778041 0.06111978897778041 
0.37598508261185515 0.16371979771577758 0.057536889959045885 0.057536889959045885 0.057536889959045885 0.057536889959045885 0.057536889959045885 0.057536889959045885 0.057536889959045885 0.057536889959045885 


0.36852985193840826 0.4599775169965126 0.02143657888313489 0.02143657888313489 0.02143657888313489 0.02143657888313489 0.02143657888313489 0.02143657888313489 0.02143657888313489 0.02143657888313489 
0.10382719370222765 0.18458677970460463 0.10044568725594383 0.017049698392474055 0.2438080306388578 0.0700565220611784 0.0700565220611784 0.0700565220611784 0.0700565220611784 0.0700565220611784 
0.4310542991506555 0.2278307866304751 0.04263936427735865 0.04263936427735865 0.04263936427735865 0.04263936427735865 0.04263936427735865 0.04263936427735865 0.04263936427735865 0.04263936427735865 
0.40658530147477623 0.3412780586770347 0.03151707998102368 0.03151707998102368 0.03151707998102368 0.03151707998102368 0.03151707998102368 0.03151707998102368 0.03151707998102368 0.03151707998102368 
0.20511954647860406 0.4762968779795537 0.03982294694273031 0.03982294694273031 0.03982294694273031 0.03982294694273031 0.03982294694273031 0.03982294694273031 0.03982294694273031 0.03982294694273031 
0.30233749639710855 0.33106422495748034 0.04582478483067636 0.04582478483067636 0.04582478483067636 0.04582478483067636 0.04582478483067636 0.04582478483067636 0.04582478483067636 0.04582478483067636 
0.4476563090154109 0.12730277718946162 0.053130114224390915 0.053130114224390915 0.053130114224390915 0.053130114224390915 0.053130114224390915 0.053130114224390915 0.053130114224390915 0.053130114224390915 
0.17093378838930226 0.20273552698419947 0.15489348638092384 0.06734817117793916 0.06734817117793916 0.06734817117793916 0.06734817117793916 0.06734817117793916 0.06734817117793916 0.06734817117793916 
0.17333246899445046 0.14725345768525697 0.42926542616991964 0.035735521021481885 0.035735521021481885 0.035735521021481885 0.035735521021481885 0.035735521021481885 0.035735521021481885 0.035735521021481885 
0.421981893572946 0.15757606386002662 0.052555255320878395 0.052555255320878395 0.052555255320878395 0.052555255320878395 0.052555255320878395 0.052555255320878395 0.052555255320878395 0.052555255320878395 


0.19707570771000335 0.401910289809975 0.05012675031000272 0.05012675031000272 0.05012675031000272 0.05012675031000272 0.05012675031000272 0.05012675031000272 0.05012675031000272 0.05012675031000272 
0.31976760647628655 0.018559974540643932 0.2657008219915603 0.056567370998787 0.056567370998787 0.056567370998787 0.056567370998787 0.056567370998787 0.056567370998787 0.056567370998787 
0.08470733211554318 0.34089322447409737 0.44900578821493087 0.01791337931363263 0.01791337931363263 0.01791337931363263 0.01791337931363263 0.01791337931363263 0.01791337931363263 0.01791337931363263 
0.4221656785421277 0.33683638836173746 0.030124741637016863 0.030124741637016863 0.030124741637016863 0.030124741637016863 0.030124741637016863 0.030124741637016863 0.030124741637016863 0.030124741637016863 
0.012640617266706988 0.12094155121985287 0.47058918706932334 0.05654694920630237 0.05654694920630237 0.05654694920630237 0.05654694920630237 0.05654694920630237 0.05654694920630237 0.05654694920630237 
0.05050319741644954 0.26323799019270383 0.08842080121947427 0.3988497066096989 0.03316471742694558 0.03316471742694558 0.03316471742694558 0.03316471742694558 0.03316471742694558 0.03316471742694558 
0.1994216553099317 0.08813351984138709 0.1570045987908578 0.48625010063960616 0.01153168756970285 0.01153168756970285 0.01153168756970285 0.01153168756970285 0.01153168756970285 0.01153168756970285 
0.1538479986493487 0.29020214696434055 0.21084605651536945 0.049300542552991586 0.049300542552991586 0.049300542552991586 0.049300542552991586 0.049300542552991586 0.049300542552991586 0.049300542552991586 
0.3416436305955812 0.26778143582851366 0.04882186669698809 0.04882186669698809 0.04882186669698809 0.04882186669698809 0.04882186669698809 0.04882186669698809 0.04882186669698809 0.04882186669698809 
0.33851644337620207 0.084875874859176 0.18058287554950833 0.05657497231644478 0.05657497231644478 0.05657497231644478 0.05657497231644478 0.05657497231644478 0.05657497231644478 0.05657497231644478 


0.4513761690900749 0.012749883160857789 0.05542778967661882 0.06863516543892122 0.06863516543892122 0.06863516543892122 0.06863516543892122 0.06863516543892122 0.06863516543892122 0.06863516543892122 
0.14315346289751268 0.4386631823859485 0.05227291933956736 0.05227291933956736 0.05227291933956736 0.05227291933956736 0.05227291933956736 0.05227291933956736 0.05227291933956736 0.05227291933956736 
0.027207538099660665 0.4942587365825736 0.05981671566472075 0.05981671566472075 0.05981671566472075 0.05981671566472075 0.05981671566472075 0.05981671566472075 0.05981671566472075 0.05981671566472075 
0.067824993060874 0.3050266235147857 0.45397159091032085 0.02473954178771703 0.02473954178771703 0.02473954178771703 0.02473954178771703 0.02473954178771703 0.02473954178771703 0.02473954178771703 
0.15120154599839072 0.4348855153434468 0.05173911733227028 0.05173911733227028 0.05173911733227028 0.05173911733227028 0.05173911733227028 0.05173911733227028 0.05173911733227028 0.05173911733227028 
0.14797497050891878 0.3769202303621929 0.05938809989111103 0.05938809989111103 0.05938809989111103 0.05938809989111103 0.05938809989111103 0.05938809989111103 0.05938809989111103 0.05938809989111103 
0.009888093413161403 0.4890443662390594 0.35500219162182883 0.02086647838942152 0.02086647838942152 0.02086647838942152 0.02086647838942152 0.02086647838942152 0.02086647838942152 0.02086647838942152 
0.4453395831135953 0.27857969303660995 0.03451009048122435 0.03451009048122435 0.03451009048122435 0.03451009048122435 0.03451009048122435 0.03451009048122435 0.03451009048122435 0.03451009048122435 
0.25782819261656664 0.3217393190901533 0.05255406103665999 0.05255406103665999 0.05255406103665999 0.05255406103665999 0.05255406103665999 0.05255406103665999 0.05255406103665999 0.05255406103665999 
0.09224752973253703 0.14175273945086908 0.10964469218703338 0.14893835807287942 0.0031276909308273195 0.40650934872680133 0.02444491022476311 0.02444491022476311 0.02444491022476311 0.02444491022476311 


0.025867775231784972 0.3811289723157343 0.4326022812651195 0.02291442445533733 0.02291442445533733 0.02291442445533733 0.02291442445533733 0.02291442445533733 0.02291442445533733 0.02291442445533733 
0.4230972976394538 0.0890311112745403 0.06098394888575071 0.06098394888575071 0.06098394888575071 0.06098394888575071 0.06098394888575071 0.06098394888575071 0.06098394888575071 0.06098394888575071 
0.4703490481490914 0.5007092612738484 0.003617711322132536 0.003617711322132536 0.003617711322132536 0.003617711322132536 0.003617711322132536 0.003617711322132536 0.003617711322132536 0.003617711322132536 
0.48862365206004255 0.1836023879786046 0.04097174499516913 0.04097174499516913 0.04097174499516913 0.04097174499516913 0.04097174499516913 0.04097174499516913 0.04097174499516913 0.04097174499516913 
0.2086019580184045 0.24350143069918687 0.1604897463299804 0.05534383785034687 0.05534383785034687 0.05534383785034687 0.05534383785034687 0.05534383785034687 0.05534383785034687 0.05534383785034687 
0.3612557614930637 0.08752848223777718 0.3966635812790157 0.02207888214144908 0.02207888214144908 0.02207888214144908 0.02207888214144908 0.02207888214144908 0.02207888214144908 0.02207888214144908 
0.14260713926436844 0.24320858153334243 0.033220713797763625 0.48539241391240606 0.01592852524868656 0.01592852524868656 0.01592852524868656 0.01592852524868656 0.01592852524868656 0.01592852524868656 
0.36636721087437335 0.4532614638866023 0.022546415654878044 0.022546415654878044 0.022546415654878044 0.022546415654878044 0.022546415654878044 0.022546415654878044 0.022546415654878044 0.022546415654878044 
0.397872023049147 0.3792957284731057 0.027854031059718416 0.027854031059718416 0.027854031059718416 0.027854031059718416 0.027854031059718416 0.027854031059718416 0.027854031059718416 0.027854031059718416 
0.2381276344801963 0.23635478052039677 0.4723270893402725 0.007598642237019203 0.007598642237019203 0.007598642237019203 0.007598642237019203 0.007598642237019203 0.007598642237019203 0.007598642237019203 


0.07832148990218366 0.1512552121900774 0.33274646146075987 0.0625252623495684 0.0625252623495684 0.0625252623495684 0.0625252623495684 0.0625252623495684 0.0625252623495684 0.0625252623495684 
0.20698667447581515 0.029726419771282653 0.2812326814319949 0.06886488918870105 0.06886488918870105 0.06886488918870105 0.06886488918870105 0.06886488918870105 0.06886488918870105 0.06886488918870105 
0.09322375771855107 0.49160481030280234 0.051896428997330823 0.051896428997330823 0.051896428997330823 0.051896428997330823 0.051896428997330823 0.051896428997330823 0.051896428997330823 0.051896428997330823 
0.4448312832498239 0.32153171004680575 0.029204625837921314 0.029204625837921314 0.029204625837921314 0.029204625837921314 0.029204625837921314 0.029204625837921314 0.029204625837921314 0.029204625837921314 
0.03938557563971815 0.14815101361202324 0.4785769744137018 0.04769806233350811 0.04769806233350811 0.04769806233350811 0.04769806233350811 0.04769806233350811 0.04769806233350811 0.04769806233350811 
0.03877846408915057 0.4096668078156119 0.3827953260279983 0.024108486009605662 0.024108486009605662 0.024108486009605662 0.024108486009605662 0.024108486009605662 0.024108486009605662 0.024108486009605662 
0.036820176369028644 0.005109376895671169 0.12243439824760774 0.4062761136554904 0.07155998913870039 0.07155998913870039 0.07155998913870039 0.07155998913870039 0.07155998913870039 0.07155998913870039 
0.45277719528938726 0.4096558872660602 0.017195864680569037 0.017195864680569037 0.017195864680569037 0.017195864680569037 0.017195864680569037 0.017195864680569037 0.017195864680569037 0.017195864680569037 
0.2931631975967578 0.3298938612874468 0.047117867639474405 0.047117867639474405 0.047117867639474405 0.047117867639474405 0.047117867639474405 0.047117867639474405 0.047117867639474405 0.047117867639474405 
0.4554211238040211 0.005769221977080307 0.1265648462025002 0.05889211543091401 0.05889211543091401 0.05889211543091401 0.05889211543091401 0.05889211543091401 0.05889211543091401 0.05889211543091401 


0.07270596770162177 0.16877120876634263 0.15446233969429987 0.44539926487097875 0.02644353649445947 0.02644353649445947 0.02644353649445947 0.02644353649445947 0.02644353649445947 0.02644353649445947 
0.1517510061707204 0.22991280458059 0.2217428616346847 0.05665618965914357 0.05665618965914357 0.05665618965914357 0.05665618965914357 0.05665618965914357 0.05665618965914357 0.05665618965914357 
0.07219591608646941 0.4757652195417041 0.05650485804647832 0.05650485804647832 0.05650485804647832 0.05650485804647832 0.05650485804647832 0.05650485804647832 0.05650485804647832 0.05650485804647832 
0.2343973091795111 0.29121280205524064 0.059298736095656016 0.059298736095656016 0.059298736095656016 0.059298736095656016 0.059298736095656016 0.059298736095656016 0.059298736095656016 0.059298736095656016 
0.14601401318783272 0.34115431286130987 0.31222047048165086 0.02865874335274385 0.02865874335274385 0.02865874335274385 0.02865874335274385 0.02865874335274385 0.02865874335274385 0.02865874335274385 
0.2900196142716938 0.367341089139843 0.04282991207355791 0.04282991207355791 0.04282991207355791 0.04282991207355791 0.04282991207355791 0.04282991207355791 0.04282991207355791 0.04282991207355791 
0.48051277409927495 0.47063575127854673 0.0061064343277723405 0.0061064343277723405 0.0061064343277723405 0.0061064343277723405 0.0061064343277723405 0.0061064343277723405 0.0061064343277723405 0.0061064343277723405 
0.2648283478577053 0.4344226754555602 0.037593622085841806 0.037593622085841806 0.037593622085841806 0.037593622085841806 0.037593622085841806 0.037593622085841806 0.037593622085841806 0.037593622085841806 
0.0242154226020865 0.23370030498029506 0.3393793055257993 0.05752928098454561 0.05752928098454561 0.05752928098454561 0.05752928098454561 0.05752928098454561 0.05752928098454561 0.05752928098454561 
0.3489010131695232 0.21311764210726727 0.05474766809040117 0.05474766809040117 0.05474766809040117 0.05474766809040117 0.05474766809040117 0.05474766809040117 0.05474766809040117 0.05474766809040117 


0.09891431146621661 0.11260369254707854 0.02761949470719095 0.0013017644961049837 0.29391180395874894 0.09312978656493202 0.09312978656493202 0.09312978656493202 0.09312978656493202 0.09312978656493202 
0.49097673056176605 0.45067746243570456 0.007293225875316123 0.007293225875316123 0.007293225875316123 0.007293225875316123 0.007293225875316123 0.007293225875316123 0.007293225875316123 0.007293225875316123 
0.022256489818806968 0.2489216271697467 0.41562468147899273 0.0447424573617791 0.0447424573617791 0.0447424573617791 0.0447424573617791 0.0447424573617791 0.0447424573617791 0.0447424573617791 
0.004734275966053591 0.031425250539203045 0.22492607553089755 0.41263715516371385 0.054379540466688595 0.054379540466688595 0.054379540466688595 0.054379540466688595 0.054379540466688595 0.054379540466688595 
0.24819405664368302 0.3373558499939757 0.051806261670292626 0.051806261670292626 0.051806261670292626 0.051806261670292626 0.051806261670292626 0.051806261670292626 0.051806261670292626 0.051806261670292626 
0.419693834708512 0.45001756805786997 0.01628607465420224 0.01628607465420224 0.01628607465420224 0.01628607465420224 0.01628607465420224 0.01628607465420224 0.01628607465420224 0.01628607465420224 
0.48641780786715505 0.23186889986662507 0.035214161533277485 0.035214161533277485 0.035214161533277485 0.035214161533277485 0.035214161533277485 0.035214161533277485 0.035214161533277485 0.035214161533277485 
0.14009469574921968 0.49592941025460374 0.045496986749522066 0.045496986749522066 0.045496986749522066 0.045496986749522066 0.045496986749522066 0.045496986749522066 0.045496986749522066 0.045496986749522066 
0.46742036595828745 0.18115978913666458 0.043927480613131 0.043927480613131 0.043927480613131 0.043927480613131 0.043927480613131 0.043927480613131 0.043927480613131 0.043927480613131 
0.1692504784084353 0.15231313392362625 0.23818025308499866 0.06289373351184852 0.06289373351184852 0.06289373351184852 0.06289373351184852 0.06289373351184852 0.06289373351184852 0.06289373351184852 


0.10425819240735884 0.35483642730397263 0.07086961291586918 0.06714796676754277 0.06714796676754277 0.06714796676754277 0.06714796676754277 0.06714796676754277 0.06714796676754277 0.06714796676754277 
0.37410873425760727 0.11180364248021343 0.3978732425241654 0.016602054391144875 0.016602054391144875 0.016602054391144875 0.016602054391144875 0.016602054391144875 0.016602054391144875 0.016602054391144875 
0.27817868774138793 0.383647118788991 0.04227177418370264 0.04227177418370264 0.04227177418370264 0.04227177418370264 0.04227177418370264 0.04227177418370264 0.04227177418370264 0.04227177418370264 
0.3133585433748977 0.23117405886093806 0.05693342472052052 0.05693342472052052 0.05693342472052052 0.05693342472052052 0.05693342472052052 0.05693342472052052 0.05693342472052052 0.05693342472052052 
0.33159705098999015 0.42210405353250274 0.03078736193468844 0.03078736193468844 0.03078736193468844 0.03078736193468844 0.03078736193468844 0.03078736193468844 0.03078736193468844 0.03078736193468844 
0.21039991298154936 0.37630398571116813 0.05166201266341031 0.05166201266341031 0.05166201266341031 0.05166201266341031 0.05166201266341031 0.05166201266341031 0.05166201266341031 0.05166201266341031 
0.1583145654348074 0.226507418553523 0.27887487850784315 0.04804330535768946 0.04804330535768946 0.04804330535768946 0.04804330535768946 0.04804330535768946 0.04804330535768946 0.04804330535768946 
0.36043915919558045 0.4313037826035267 0.026032132275111627 0.026032132275111627 0.026032132275111627 0.026032132275111627 0.026032132275111627 0.026032132275111627 0.026032132275111627 0.026032132275111627 
0.3749103015869666 0.10612324630101336 0.31859016079827807 0.028625184473391758 0.028625184473391758 0.028625184473391758 0.028625184473391758 0.028625184473391758 0.028625184473391758 0.028625184473391758 
0.24167004111470125 0.39106100460376747 0.04590861928519141 0.04590861928519141 0.04590861928519141 0.04590861928519141 0.04590861928519141 0.04590861928519141 0.04590861928519141 0.04590861928519141 


0.12078386381892584 0.12920978450902085 0.18919649943646674 0.17103271672080225 0.06496285591913069 0.06496285591913069 0.06496285591913069 0.06496285591913069 0.06496285591913069 0.06496285591913069 
0.03258924913520713 0.2224197895543034 0.4868317685462784 0.036879884680601605 0.036879884680601605 0.036879884680601605 0.036879884680601605 0.036879884680601605 0.036879884680601605 0.036879884680601605 
0.3092731271583736 0.38020772679691184 0.03881489325558938 0.03881489325558938 0.03881489325558938 0.03881489325558938 0.03881489325558938 0.03881489325558938 0.03881489325558938 0.03881489325558938 
0.2298686661774062 0.1294724664749578 0.44245077336279576 0.02831544199783433 0.02831544199783433 0.02831544199783433 0.02831544199783433 0.02831544199783433 0.02831544199783433 0.02831544199783433 
0.09699391124095477 0.29394438308108123 0.1935204563389418 0.059363035619860276 0.059363035619860276 0.059363035619860276 0.059363035619860276 0.059363035619860276 0.059363035619860276 0.059363035619860276 
0.49458883978979673 0.3942373985153547 0.013896720211856069 0.013896720211856069 0.013896720211856069 0.013896720211856069 0.013896720211856069 0.013896720211856069 0.013896720211856069 0.013896720211856069 
0.17056054325272038 0.27486062825018515 0.49335922481691 0.00874565766859776 0.00874565766859776 0.00874565766859776 0.00874565766859776 0.00874565766859776 0.00874565766859776 0.00874565766859776 
0.37182194210335334 0.4222491384637078 0.025741114929117362 0.025741114929117362 0.025741114929117362 0.025741114929117362 0.025741114929117362 0.025741114929117362 0.025741114929117362 0.025741114929117362 
0.19736333440296075 0.13431347969547444 0.29930863616476744 0.052716364248113934 0.052716364248113934 0.052716364248113934 0.052716364248113934 0.052716364248113934 0.052716364248113934 0.052716364248113934 
0.14863515792276805 0.20924025702751547 0.11438864654207338 0.12888067147037896 0.06647587783954403 0.06647587783954403 0.06647587783954403 0.06647587783954403 0.06647587783954403 0.06647587783954403 


Distribution for A
++++++++++++++++++++

Unigram
0.10595835007210155 0.005074568700834192 0.36748331179833726 0.48209422768263077 0.00656492362434941 0.00656492362434941 0.00656492362434941 0.00656492362434941 0.00656492362434941 0.00656492362434941 
Bigram
0.19263474890262489 0.24947467659292666 0.09463887260837651 0.06617881455658173 0.06617881455658173 0.06617881455658173 0.06617881455658173 0.06617881455658173 0.06617881455658173 0.06617881455658173 
0.34588863698024164 0.38583153871036396 0.03353497803867428 0.03353497803867428 0.03353497803867428 0.03353497803867428 0.03353497803867428 0.03353497803867428 0.03353497803867428 0.03353497803867428 
0.13112666125758204 0.4926975474501052 0.04702197391153915 0.04702197391153915 0.04702197391153915 0.04702197391153915 0.04702197391153915 0.04702197391153915 0.04702197391153915 0.04702197391153915 
0.3841473843594043 0.19402603311410196 0.05272832281581169 0.05272832281581169 0.05272832281581169 0.05272832281581169 0.05272832281581169 0.05272832281581169 0.05272832281581169 0.05272832281581169 
0.4452612753223192 0.09644508484327083 0.0572867049793013 0.0572867049793013 0.0572867049793013 0.0572867049793013 0.0572867049793013 0.0572867049793013 0.0572867049793013 0.0572867049793013 
0.26721041807257945 0.35269580251081417 0.047511722427075805 0.047511722427075805 0.047511722427075805 0.047511722427075805 0.047511722427075805 0.047511722427075805 0.047511722427075805 0.047511722427075805 
0.05402691926709256 0.4598281614004229 0.06076811491656062 0.06076811491656062 0.06076811491656062 0.06076811491656062 0.06076811491656062 0.06076811491656062 0.06076811491656062 0.06076811491656062 
0.06754128517982033 0.004006069749763307 0.05138363445135863 0.012489138203481853 0.23643647406427726 0.05754467341369385 0.11079330616364375 0.1532684729246537 0.1532684729246537 0.1532684729246537 
0.41757801027090663 0.10042213898580934 0.060249981342910534 0.060249981342910534 0.060249981342910534 0.060249981342910534 0.060249981342910534 0.060249981342910534 0.060249981342910534 0.060249981342910534 
0.1116077126717996 0.22448905052772 0.47815705965862343 0.026535168163122444 0.026535168163122444 0.026535168163122444 0.026535168163122444 0.026535168163122444 0.026535168163122444 0.026535168163122444 

Trigram
0.012722118770396506 0.3522620126750828 0.2149024421410847 0.060016203773347966 0.060016203773347966 0.060016203773347966 0.060016203773347966 0.060016203773347966 0.060016203773347966 0.060016203773347966 
0.0339517323116437 0.11878680721584603 0.4725716265502099 0.05352711913175716 0.05352711913175716 0.05352711913175716 0.05352711913175716 0.05352711913175716 0.05352711913175716 0.05352711913175716 
0.17131024564476935 0.255388191754887 0.3357738167697428 0.0339325351186573 0.0339325351186573 0.0339325351186573 0.0339325351186573 0.0339325351186573 0.0339325351186573 0.0339325351186573 
0.3805759899524028 0.3412070253828876 0.034777123083088717 0.034777123083088717 0.034777123083088717 0.034777123083088717 0.034777123083088717 0.034777123083088717 0.034777123083088717 0.034777123083088717 
0.16066091383279987 0.32357962736568735 0.29463872534431085 0.03158867620817168 0.03158867620817168 0.03158867620817168 0.03158867620817168 0.03158867620817168 0.03158867620817168 0.03158867620817168 
0.4459178299403296 0.16562737335787162 0.048556849587724826 0.048556849587724826 0.048556849587724826 0.048556849587724826 0.048556849587724826 0.048556849587724826 0.048556849587724826 0.048556849587724826 
0.19176376335042322 0.1948135186405211 0.26948257013666005 0.04913430683891371 0.04913430683891371 0.04913430683891371 0.04913430683891371 0.04913430683891371 0.04913430683891371 0.04913430683891371 
0.25136480268706796 0.3794853932240785 0.04614372551110671 0.04614372551110671 0.04614372551110671 0.04614372551110671 0.04614372551110671 0.04614372551110671 0.04614372551110671 0.04614372551110671 
0.0644294905505167 0.2757539238831954 0.23197806272182483 0.06111978897778041 0.06111978897778041 0.06111978897778041 0.06111978897778041 0.06111978897778041 0.06111978897778041 0.06111978897778041 
0.37598508261185515 0.16371979771577758 0.057536889959045885 0.057536889959045885 0.057536889959045885 0.057536889959045885 0.057536889959045885 0.057536889959045885 0.057536889959045885 0.057536889959045885 


0.36852985193840826 0.4599775169965126 0.02143657888313489 0.02143657888313489 0.02143657888313489 0.02143657888313489 0.02143657888313489 0.02143657888313489 0.02143657888313489 0.02143657888313489 
0.10382719370222765 0.18458677970460463 0.10044568725594383 0.017049698392474055 0.2438080306388578 0.0700565220611784 0.0700565220611784 0.0700565220611784 0.0700565220611784 0.0700565220611784 
0.4310542991506555 0.2278307866304751 0.04263936427735865 0.04263936427735865 0.04263936427735865 0.04263936427735865 0.04263936427735865 0.04263936427735865 0.04263936427735865 0.04263936427735865 
0.40658530147477623 0.3412780586770347 0.03151707998102368 0.03151707998102368 0.03151707998102368 0.03151707998102368 0.03151707998102368 0.03151707998102368 0.03151707998102368 0.03151707998102368 
0.20511954647860406 0.4762968779795537 0.03982294694273031 0.03982294694273031 0.03982294694273031 0.03982294694273031 0.03982294694273031 0.03982294694273031 0.03982294694273031 0.03982294694273031 
0.30233749639710855 0.33106422495748034 0.04582478483067636 0.04582478483067636 0.04582478483067636 0.04582478483067636 0.04582478483067636 0.04582478483067636 0.04582478483067636 0.04582478483067636 
0.4476563090154109 0.12730277718946162 0.053130114224390915 0.053130114224390915 0.053130114224390915 0.053130114224390915 0.053130114224390915 0.053130114224390915 0.053130114224390915 0.053130114224390915 
0.17093378838930226 0.20273552698419947 0.15489348638092384 0.06734817117793916 0.06734817117793916 0.06734817117793916 0.06734817117793916 0.06734817117793916 0.06734817117793916 0.06734817117793916 
0.17333246899445046 0.14725345768525697 0.42926542616991964 0.035735521021481885 0.035735521021481885 0.035735521021481885 0.035735521021481885 0.035735521021481885 0.035735521021481885 0.035735521021481885 
0.421981893572946 0.15757606386002662 0.052555255320878395 0.052555255320878395 0.052555255320878395 0.052555255320878395 0.052555255320878395 0.052555255320878395 0.052555255320878395 0.052555255320878395 


0.19707570771000335 0.401910289809975 0.05012675031000272 0.05012675031000272 0.05012675031000272 0.05012675031000272 0.05012675031000272 0.05012675031000272 0.05012675031000272 0.05012675031000272 
0.31976760647628655 0.018559974540643932 0.2657008219915603 0.056567370998787 0.056567370998787 0.056567370998787 0.056567370998787 0.056567370998787 0.056567370998787 0.056567370998787 
0.08470733211554318 0.34089322447409737 0.44900578821493087 0.01791337931363263 0.01791337931363263 0.01791337931363263 0.01791337931363263 0.01791337931363263 0.01791337931363263 0.01791337931363263 
0.4221656785421277 0.33683638836173746 0.030124741637016863 0.030124741637016863 0.030124741637016863 0.030124741637016863 0.030124741637016863 0.030124741637016863 0.030124741637016863 0.030124741637016863 
0.012640617266706988 0.12094155121985287 0.47058918706932334 0.05654694920630237 0.05654694920630237 0.05654694920630237 0.05654694920630237 0.05654694920630237 0.05654694920630237 0.05654694920630237 
0.05050319741644954 0.26323799019270383 0.08842080121947427 0.3988497066096989 0.03316471742694558 0.03316471742694558 0.03316471742694558 0.03316471742694558 0.03316471742694558 0.03316471742694558 
0.1994216553099317 0.08813351984138709 0.1570045987908578 0.48625010063960616 0.01153168756970285 0.01153168756970285 0.01153168756970285 0.01153168756970285 0.01153168756970285 0.01153168756970285 
0.1538479986493487 0.29020214696434055 0.21084605651536945 0.049300542552991586 0.049300542552991586 0.049300542552991586 0.049300542552991586 0.049300542552991586 0.049300542552991586 0.049300542552991586 
0.3416436305955812 0.26778143582851366 0.04882186669698809 0.04882186669698809 0.04882186669698809 0.04882186669698809 0.04882186669698809 0.04882186669698809 0.04882186669698809 0.04882186669698809 
0.33851644337620207 0.084875874859176 0.18058287554950833 0.05657497231644478 0.05657497231644478 0.05657497231644478 0.05657497231644478 0.05657497231644478 0.05657497231644478 0.05657497231644478 


0.4513761690900749 0.012749883160857789 0.05542778967661882 0.06863516543892122 0.06863516543892122 0.06863516543892122 0.06863516543892122 0.06863516543892122 0.06863516543892122 0.06863516543892122 
0.14315346289751268 0.4386631823859485 0.05227291933956736 0.05227291933956736 0.05227291933956736 0.05227291933956736 0.05227291933956736 0.05227291933956736 0.05227291933956736 0.05227291933956736 
0.027207538099660665 0.4942587365825736 0.05981671566472075 0.05981671566472075 0.05981671566472075 0.05981671566472075 0.05981671566472075 0.05981671566472075 0.05981671566472075 0.05981671566472075 
0.067824993060874 0.3050266235147857 0.45397159091032085 0.02473954178771703 0.02473954178771703 0.02473954178771703 0.02473954178771703 0.02473954178771703 0.02473954178771703 0.02473954178771703 
0.15120154599839072 0.4348855153434468 0.05173911733227028 0.05173911733227028 0.05173911733227028 0.05173911733227028 0.05173911733227028 0.05173911733227028 0.05173911733227028 0.05173911733227028 
0.14797497050891878 0.3769202303621929 0.05938809989111103 0.05938809989111103 0.05938809989111103 0.05938809989111103 0.05938809989111103 0.05938809989111103 0.05938809989111103 0.05938809989111103 
0.009888093413161403 0.4890443662390594 0.35500219162182883 0.02086647838942152 0.02086647838942152 0.02086647838942152 0.02086647838942152 0.02086647838942152 0.02086647838942152 0.02086647838942152 
0.4453395831135953 0.27857969303660995 0.03451009048122435 0.03451009048122435 0.03451009048122435 0.03451009048122435 0.03451009048122435 0.03451009048122435 0.03451009048122435 0.03451009048122435 
0.25782819261656664 0.3217393190901533 0.05255406103665999 0.05255406103665999 0.05255406103665999 0.05255406103665999 0.05255406103665999 0.05255406103665999 0.05255406103665999 0.05255406103665999 
0.09224752973253703 0.14175273945086908 0.10964469218703338 0.14893835807287942 0.0031276909308273195 0.40650934872680133 0.02444491022476311 0.02444491022476311 0.02444491022476311 0.02444491022476311 


0.025867775231784972 0.3811289723157343 0.4326022812651195 0.02291442445533733 0.02291442445533733 0.02291442445533733 0.02291442445533733 0.02291442445533733 0.02291442445533733 0.02291442445533733 
0.4230972976394538 0.0890311112745403 0.06098394888575071 0.06098394888575071 0.06098394888575071 0.06098394888575071 0.06098394888575071 0.06098394888575071 0.06098394888575071 0.06098394888575071 
0.4703490481490914 0.5007092612738484 0.003617711322132536 0.003617711322132536 0.003617711322132536 0.003617711322132536 0.003617711322132536 0.003617711322132536 0.003617711322132536 0.003617711322132536 
0.48862365206004255 0.1836023879786046 0.04097174499516913 0.04097174499516913 0.04097174499516913 0.04097174499516913 0.04097174499516913 0.04097174499516913 0.04097174499516913 0.04097174499516913 
0.2086019580184045 0.24350143069918687 0.1604897463299804 0.05534383785034687 0.05534383785034687 0.05534383785034687 0.05534383785034687 0.05534383785034687 0.05534383785034687 0.05534383785034687 
0.3612557614930637 0.08752848223777718 0.3966635812790157 0.02207888214144908 0.02207888214144908 0.02207888214144908 0.02207888214144908 0.02207888214144908 0.02207888214144908 0.02207888214144908 
0.14260713926436844 0.24320858153334243 0.033220713797763625 0.48539241391240606 0.01592852524868656 0.01592852524868656 0.01592852524868656 0.01592852524868656 0.01592852524868656 0.01592852524868656 
0.36636721087437335 0.4532614638866023 0.022546415654878044 0.022546415654878044 0.022546415654878044 0.022546415654878044 0.022546415654878044 0.022546415654878044 0.022546415654878044 0.022546415654878044 
0.397872023049147 0.3792957284731057 0.027854031059718416 0.027854031059718416 0.027854031059718416 0.027854031059718416 0.027854031059718416 0.027854031059718416 0.027854031059718416 0.027854031059718416 
0.2381276344801963 0.23635478052039677 0.4723270893402725 0.007598642237019203 0.007598642237019203 0.007598642237019203 0.007598642237019203 0.007598642237019203 0.007598642237019203 0.007598642237019203 


0.07832148990218366 0.1512552121900774 0.33274646146075987 0.0625252623495684 0.0625252623495684 0.0625252623495684 0.0625252623495684 0.0625252623495684 0.0625252623495684 0.0625252623495684 
0.20698667447581515 0.029726419771282653 0.2812326814319949 0.06886488918870105 0.06886488918870105 0.06886488918870105 0.06886488918870105 0.06886488918870105 0.06886488918870105 0.06886488918870105 
0.09322375771855107 0.49160481030280234 0.051896428997330823 0.051896428997330823 0.051896428997330823 0.051896428997330823 0.051896428997330823 0.051896428997330823 0.051896428997330823 0.051896428997330823 
0.4448312832498239 0.32153171004680575 0.029204625837921314 0.029204625837921314 0.029204625837921314 0.029204625837921314 0.029204625837921314 0.029204625837921314 0.029204625837921314 0.029204625837921314 
0.03938557563971815 0.14815101361202324 0.4785769744137018 0.04769806233350811 0.04769806233350811 0.04769806233350811 0.04769806233350811 0.04769806233350811 0.04769806233350811 0.04769806233350811 
0.03877846408915057 0.4096668078156119 0.3827953260279983 0.024108486009605662 0.024108486009605662 0.024108486009605662 0.024108486009605662 0.024108486009605662 0.024108486009605662 0.024108486009605662 
0.036820176369028644 0.005109376895671169 0.12243439824760774 0.4062761136554904 0.07155998913870039 0.07155998913870039 0.07155998913870039 0.07155998913870039 0.07155998913870039 0.07155998913870039 
0.45277719528938726 0.4096558872660602 0.017195864680569037 0.017195864680569037 0.017195864680569037 0.017195864680569037 0.017195864680569037 0.017195864680569037 0.017195864680569037 0.017195864680569037 
0.2931631975967578 0.3298938612874468 0.047117867639474405 0.047117867639474405 0.047117867639474405 0.047117867639474405 0.047117867639474405 0.047117867639474405 0.047117867639474405 0.047117867639474405 
0.4554211238040211 0.005769221977080307 0.1265648462025002 0.05889211543091401 0.05889211543091401 0.05889211543091401 0.05889211543091401 0.05889211543091401 0.05889211543091401 0.05889211543091401 


0.07270596770162177 0.16877120876634263 0.15446233969429987 0.44539926487097875 0.02644353649445947 0.02644353649445947 0.02644353649445947 0.02644353649445947 0.02644353649445947 0.02644353649445947 
0.1517510061707204 0.22991280458059 0.2217428616346847 0.05665618965914357 0.05665618965914357 0.05665618965914357 0.05665618965914357 0.05665618965914357 0.05665618965914357 0.05665618965914357 
0.07219591608646941 0.4757652195417041 0.05650485804647832 0.05650485804647832 0.05650485804647832 0.05650485804647832 0.05650485804647832 0.05650485804647832 0.05650485804647832 0.05650485804647832 
0.2343973091795111 0.29121280205524064 0.059298736095656016 0.059298736095656016 0.059298736095656016 0.059298736095656016 0.059298736095656016 0.059298736095656016 0.059298736095656016 0.059298736095656016 
0.14601401318783272 0.34115431286130987 0.31222047048165086 0.02865874335274385 0.02865874335274385 0.02865874335274385 0.02865874335274385 0.02865874335274385 0.02865874335274385 0.02865874335274385 
0.2900196142716938 0.367341089139843 0.04282991207355791 0.04282991207355791 0.04282991207355791 0.04282991207355791 0.04282991207355791 0.04282991207355791 0.04282991207355791 0.04282991207355791 
0.48051277409927495 0.47063575127854673 0.0061064343277723405 0.0061064343277723405 0.0061064343277723405 0.0061064343277723405 0.0061064343277723405 0.0061064343277723405 0.0061064343277723405 0.0061064343277723405 
0.2648283478577053 0.4344226754555602 0.037593622085841806 0.037593622085841806 0.037593622085841806 0.037593622085841806 0.037593622085841806 0.037593622085841806 0.037593622085841806 0.037593622085841806 
0.0242154226020865 0.23370030498029506 0.3393793055257993 0.05752928098454561 0.05752928098454561 0.05752928098454561 0.05752928098454561 0.05752928098454561 0.05752928098454561 0.05752928098454561 
0.3489010131695232 0.21311764210726727 0.05474766809040117 0.05474766809040117 0.05474766809040117 0.05474766809040117 0.05474766809040117 0.05474766809040117 0.05474766809040117 0.05474766809040117 


0.09891431146621661 0.11260369254707854 0.02761949470719095 0.0013017644961049837 0.29391180395874894 0.09312978656493202 0.09312978656493202 0.09312978656493202 0.09312978656493202 0.09312978656493202 
0.49097673056176605 0.45067746243570456 0.007293225875316123 0.007293225875316123 0.007293225875316123 0.007293225875316123 0.007293225875316123 0.007293225875316123 0.007293225875316123 0.007293225875316123 
0.022256489818806968 0.2489216271697467 0.41562468147899273 0.0447424573617791 0.0447424573617791 0.0447424573617791 0.0447424573617791 0.0447424573617791 0.0447424573617791 0.0447424573617791 
0.004734275966053591 0.031425250539203045 0.22492607553089755 0.41263715516371385 0.054379540466688595 0.054379540466688595 0.054379540466688595 0.054379540466688595 0.054379540466688595 0.054379540466688595 
0.24819405664368302 0.3373558499939757 0.051806261670292626 0.051806261670292626 0.051806261670292626 0.051806261670292626 0.051806261670292626 0.051806261670292626 0.051806261670292626 0.051806261670292626 
0.419693834708512 0.45001756805786997 0.01628607465420224 0.01628607465420224 0.01628607465420224 0.01628607465420224 0.01628607465420224 0.01628607465420224 0.01628607465420224 0.01628607465420224 
0.48641780786715505 0.23186889986662507 0.035214161533277485 0.035214161533277485 0.035214161533277485 0.035214161533277485 0.035214161533277485 0.035214161533277485 0.035214161533277485 0.035214161533277485 
0.14009469574921968 0.49592941025460374 0.045496986749522066 0.045496986749522066 0.045496986749522066 0.045496986749522066 0.045496986749522066 0.045496986749522066 0.045496986749522066 0.045496986749522066 
0.46742036595828745 0.18115978913666458 0.043927480613131 0.043927480613131 0.043927480613131 0.043927480613131 0.043927480613131 0.043927480613131 0.043927480613131 0.043927480613131 
0.1692504784084353 0.15231313392362625 0.23818025308499866 0.06289373351184852 0.06289373351184852 0.06289373351184852 0.06289373351184852 0.06289373351184852 0.06289373351184852 0.06289373351184852 


0.10425819240735884 0.35483642730397263 0.07086961291586918 0.06714796676754277 0.06714796676754277 0.06714796676754277 0.06714796676754277 0.06714796676754277 0.06714796676754277 0.06714796676754277 
0.37410873425760727 0.11180364248021343 0.3978732425241654 0.016602054391144875 0.016602054391144875 0.016602054391144875 0.016602054391144875 0.016602054391144875 0.016602054391144875 0.016602054391144875 
0.27817868774138793 0.383647118788991 0.04227177418370264 0.04227177418370264 0.04227177418370264 0.04227177418370264 0.04227177418370264 0.04227177418370264 0.04227177418370264 0.04227177418370264 
0.3133585433748977 0.23117405886093806 0.05693342472052052 0.05693342472052052 0.05693342472052052 0.05693342472052052 0.05693342472052052 0.05693342472052052 0.05693342472052052 0.05693342472052052 
0.33159705098999015 0.42210405353250274 0.03078736193468844 0.03078736193468844 0.03078736193468844 0.03078736193468844 0.03078736193468844 0.03078736193468844 0.03078736193468844 0.03078736193468844 
0.21039991298154936 0.37630398571116813 0.05166201266341031 0.05166201266341031 0.05166201266341031 0.05166201266341031 0.05166201266341031 0.05166201266341031 0.05166201266341031 0.05166201266341031 
0.1583145654348074 0.226507418553523 0.27887487850784315 0.04804330535768946 0.04804330535768946 0.04804330535768946 0.04804330535768946 0.04804330535768946 0.04804330535768946 0.04804330535768946 
0.36043915919558045 0.4313037826035267 0.026032132275111627 0.026032132275111627 0.026032132275111627 0.026032132275111627 0.026032132275111627 0.026032132275111627 0.026032132275111627 0.026032132275111627 
0.3749103015869666 0.10612324630101336 0.31859016079827807 0.028625184473391758 0.028625184473391758 0.028625184473391758 0.028625184473391758 0.028625184473391758 0.028625184473391758 0.028625184473391758 
0.24167004111470125 0.39106100460376747 0.04590861928519141 0.04590861928519141 0.04590861928519141 0.04590861928519141 0.04590861928519141 0.04590861928519141 0.04590861928519141 0.04590861928519141 


0.12078386381892584 0.12920978450902085 0.18919649943646674 0.17103271672080225 0.06496285591913069 0.06496285591913069 0.06496285591913069 0.06496285591913069 0.06496285591913069 0.06496285591913069 
0.03258924913520713 0.2224197895543034 0.4868317685462784 0.036879884680601605 0.036879884680601605 0.036879884680601605 0.036879884680601605 0.036879884680601605 0.036879884680601605 0.036879884680601605 
0.3092731271583736 0.38020772679691184 0.03881489325558938 0.03881489325558938 0.03881489325558938 0.03881489325558938 0.03881489325558938 0.03881489325558938 0.03881489325558938 0.03881489325558938 
0.2298686661774062 0.1294724664749578 0.44245077336279576 0.02831544199783433 0.02831544199783433 0.02831544199783433 0.02831544199783433 0.02831544199783433 0.02831544199783433 0.02831544199783433 
0.09699391124095477 0.29394438308108123 0.1935204563389418 0.059363035619860276 0.059363035619860276 0.059363035619860276 0.059363035619860276 0.059363035619860276 0.059363035619860276 0.059363035619860276 
0.49458883978979673 0.3942373985153547 0.013896720211856069 0.013896720211856069 0.013896720211856069 0.013896720211856069 0.013896720211856069 0.013896720211856069 0.013896720211856069 0.013896720211856069 
0.17056054325272038 0.27486062825018515 0.49335922481691 0.00874565766859776 0.00874565766859776 0.00874565766859776 0.00874565766859776 0.00874565766859776 0.00874565766859776 0.00874565766859776 
0.37182194210335334 0.4222491384637078 0.025741114929117362 0.025741114929117362 0.025741114929117362 0.025741114929117362 0.025741114929117362 0.025741114929117362 0.025741114929117362 0.025741114929117362 
0.19736333440296075 0.13431347969547444 0.29930863616476744 0.052716364248113934 0.052716364248113934 0.052716364248113934 0.052716364248113934 0.052716364248113934 0.052716364248113934 0.052716364248113934 
0.14863515792276805 0.20924025702751547 0.11438864654207338 0.12888067147037896 0.06647587783954403 0.06647587783954403 0.06647587783954403 0.06647587783954403 0.06647587783954403 0.06647587783954403 


Distribution for B
++++++++++++++++++++

Unigram
0.1238954747088633 0.33020379528364374 0.46630448511386 0.011370892127661847 0.011370892127661847 0.011370892127661847 0.011370892127661847 0.011370892127661847 0.011370892127661847 0.011370892127661847 
Bigram
0.3875621958273214 0.2619667782335143 0.04380887824239554 0.04380887824239554 0.04380887824239554 0.04380887824239554 0.04380887824239554 0.04380887824239554 0.04380887824239554 0.04380887824239554 
0.055236230137142975 0.04340667106571801 0.3728213643054295 0.0768940300106949 0.07527361741350237 0.07527361741350237 0.07527361741350237 0.07527361741350237 0.07527361741350237 0.07527361741350237 
0.2051358088290099 0.43892533858277577 0.0444923565735268 0.0444923565735268 0.0444923565735268 0.0444923565735268 0.0444923565735268 0.0444923565735268 0.0444923565735268 0.0444923565735268 
0.40405291537960525 0.07119558662679831 0.2826251753097107 0.03458947466912652 0.03458947466912652 0.03458947466912652 0.03458947466912652 0.03458947466912652 0.03458947466912652 0.03458947466912652 
0.33687410046776994 0.14416253794472927 0.05554969405085686 0.06620195250523483 0.06620195250523483 0.06620195250523483 0.06620195250523483 0.06620195250523483 0.06620195250523483 0.06620195250523483 
0.13006120403288243 0.08549844439540141 0.49657145211651543 0.04112412849360007 0.04112412849360007 0.04112412849360007 0.04112412849360007 0.04112412849360007 0.04112412849360007 0.04112412849360007 
0.10202815930832003 0.3349326458191587 0.13961248062995957 0.0604895306060803 0.0604895306060803 0.0604895306060803 0.0604895306060803 0.0604895306060803 0.0604895306060803 0.0604895306060803 
0.24645687689885254 0.10757931122551517 0.38916086886323287 0.03668613471605707 0.03668613471605707 0.03668613471605707 0.03668613471605707 0.03668613471605707 0.03668613471605707 0.03668613471605707 
0.4274096222162804 0.07700397604707468 0.06194830021708059 0.06194830021708059 0.06194830021708059 0.06194830021708059 0.06194830021708059 0.06194830021708059 0.06194830021708059 0.06194830021708059 
0.15696116410704908 0.04670100269208671 0.437041958645123 0.05132798207939159 0.05132798207939159 0.05132798207939159 0.05132798207939159 0.05132798207939159 0.05132798207939159 0.05132798207939159 

Trigram
0.19429542593899948 0.3980467115915428 0.05095723280868219 0.05095723280868219 0.05095723280868219 0.05095723280868219 0.05095723280868219 0.05095723280868219 0.05095723280868219 0.05095723280868219 
0.467977404607492 0.44096552063386973 0.011382134344829726 0.011382134344829726 0.011382134344829726 0.011382134344829726 0.011382134344829726 0.011382134344829726 0.011382134344829726 0.011382134344829726 
0.1701940917832401 0.25232007386711125 0.1271382568344904 0.06433536821645122 0.06433536821645122 0.06433536821645122 0.06433536821645122 0.06433536821645122 0.06433536821645122 0.06433536821645122 
0.12310264687653494 0.21344023683677443 0.16666871350195145 0.07096977182639132 0.07096977182639132 0.07096977182639132 0.07096977182639132 0.07096977182639132 0.07096977182639132 0.07096977182639132 
0.47945976753955777 0.32767190432437027 0.024108541017008996 0.024108541017008996 0.024108541017008996 0.024108541017008996 0.024108541017008996 0.024108541017008996 0.024108541017008996 0.024108541017008996 
0.3967364858668209 0.03130198035850651 0.016483330025918785 0.21630261983721016 0.05652926398525727 0.05652926398525727 0.05652926398525727 0.05652926398525727 0.05652926398525727 0.05652926398525727 
0.14428936068302892 0.09564771978267558 0.0040218212340018865 0.028439484119815873 0.0619120322079578 0.47644125189206726 0.047312082520113145 0.047312082520113145 0.047312082520113145 0.047312082520113145 
0.4166938366549324 0.2807462143930133 0.037819993619006786 0.037819993619006786 0.037819993619006786 0.037819993619006786 0.037819993619006786 0.037819993619006786 0.037819993619006786 0.037819993619006786 
0.11320228716926176 0.19577840760904028 0.26509936082799673 0.06084570634195734 0.06084570634195734 0.06084570634195734 0.06084570634195734 0.06084570634195734 0.06084570634195734 0.06084570634195734 
0.4935596424889761 0.023193266105060385 0.060405886425745486 0.060405886425745486 0.060405886425745486 0.060405886425745486 0.060405886425745486 0.060405886425745486 0.060405886425745486 0.060405886425745486 


0.27129070212594986 0.3963733853503579 0.041541989065461485 0.041541989065461485 0.041541989065461485 0.041541989065461485 0.041541989065461485 0.041541989065461485 0.041541989065461485 0.041541989065461485 
0.46837085299775927 0.3013392541706981 0.028786236603942774 0.028786236603942774 0.028786236603942774 0.028786236603942774 0.028786236603942774 0.028786236603942774 0.028786236603942774 0.028786236603942774 
0.24227219314738235 0.45200338885329827 0.038215552249914936 0.038215552249914936 0.038215552249914936 0.038215552249914936 0.038215552249914936 0.038215552249914936 0.038215552249914936 0.038215552249914936 
0.14706136453229018 0.23354451968637296 0.42051438080393055 0.028411390711058037 0.028411390711058037 0.028411390711058037 0.028411390711058037 0.028411390711058037 0.028411390711058037 0.028411390711058037 
0.21730973144078036 0.2984833866631938 0.06052586023700323 0.06052586023700323 0.06052586023700323 0.06052586023700323 0.06052586023700323 0.06052586023700323 0.06052586023700323 0.06052586023700323 
0.21258332159962276 0.1195593149973144 0.484342037175438 0.026216475175375006 0.026216475175375006 0.026216475175375006 0.026216475175375006 0.026216475175375006 0.026216475175375006 0.026216475175375006 
0.27354830793447665 0.07533765345129373 0.11593851362603241 0.42229142178106904 0.01881401720118801 0.01881401720118801 0.01881401720118801 0.01881401720118801 0.01881401720118801 0.01881401720118801 
0.09809048894970537 0.025289459265013782 0.13257944577924105 0.38186240053422504 0.06036303424530251 0.06036303424530251 0.06036303424530251 0.06036303424530251 0.06036303424530251 0.06036303424530251 
0.22593975655367865 0.23373326788895887 0.4932158909888927 0.00673015493835282 0.00673015493835282 0.00673015493835282 0.00673015493835282 0.00673015493835282 0.00673015493835282 0.00673015493835282 
0.45383819300225253 0.06348594816280725 0.060334482354367495 0.060334482354367495 0.060334482354367495 0.060334482354367495 0.060334482354367495 0.060334482354367495 0.060334482354367495 0.060334482354367495 


0.23091341006426422 0.4513319794679797 0.039719326308469485 0.039719326308469485 0.039719326308469485 0.039719326308469485 0.039719326308469485 0.039719326308469485 0.039719326308469485 0.039719326308469485 
0.05114098045464773 0.0363201128660541 0.130483511330753 0.419777285768878 0.06037968492994457 0.06037968492994457 0.06037968492994457 0.06037968492994457 0.06037968492994457 0.06037968492994457 
0.4798894251187697 0.31819736371298807 0.025239151396030272 0.025239151396030272 0.025239151396030272 0.025239151396030272 0.025239151396030272 0.025239151396030272 0.025239151396030272 0.025239151396030272 
0.11827073977307448 0.2947668777932873 0.0954408116659757 0.0702173672525232 0.0702173672525232 0.0702173672525232 0.0702173672525232 0.0702173672525232 0.0702173672525232 0.0702173672525232 
0.33031860104890476 0.4581963755750458 0.026435627922006225 0.026435627922006225 0.026435627922006225 0.026435627922006225 0.026435627922006225 0.026435627922006225 0.026435627922006225 0.026435627922006225 
0.241549130628635 0.28712463079290085 0.058915779822308036 0.058915779822308036 0.058915779822308036 0.058915779822308036 0.058915779822308036 0.058915779822308036 0.058915779822308036 0.058915779822308036 
0.22641615857911843 0.45494972716945015 0.039829264281428904 0.039829264281428904 0.039829264281428904 0.039829264281428904 0.039829264281428904 0.039829264281428904 0.039829264281428904 0.039829264281428904 
0.17610482101606945 0.2719633368389523 0.30826887653248736 0.03480899508749873 0.03480899508749873 0.03480899508749873 0.03480899508749873 0.03480899508749873 0.03480899508749873 0.03480899508749873 
0.2760082171415922 0.26805483250108697 0.056992118794665085 0.056992118794665085 0.056992118794665085 0.056992118794665085 0.056992118794665085 0.056992118794665085 0.056992118794665085 0.056992118794665085 
0.3312600583454713 0.1934800123250004 0.05940749116619105 0.05940749116619105 0.05940749116619105 0.05940749116619105 0.05940749116619105 0.05940749116619105 0.05940749116619105 0.05940749116619105 


0.3814069169508569 0.17778877867231274 0.05510053804710379 0.05510053804710379 0.05510053804710379 0.05510053804710379 0.05510053804710379 0.05510053804710379 0.05510053804710379 0.05510053804710379 
0.1011657756305833 0.47074863617122825 0.05351069852477358 0.05351069852477358 0.05351069852477358 0.05351069852477358 0.05351069852477358 0.05351069852477358 0.05351069852477358 0.05351069852477358 
0.1698968071369901 0.2782941304660797 0.18362958134299648 0.052597068721990485 0.052597068721990485 0.052597068721990485 0.052597068721990485 0.052597068721990485 0.052597068721990485 0.052597068721990485 
0.3644626208021331 0.30630340190577926 0.041154247161510955 0.041154247161510955 0.041154247161510955 0.041154247161510955 0.041154247161510955 0.041154247161510955 0.041154247161510955 0.041154247161510955 
0.3166142609892693 0.22199578040548967 0.057673744825655134 0.057673744825655134 0.057673744825655134 0.057673744825655134 0.057673744825655134 0.057673744825655134 0.057673744825655134 0.057673744825655134 
0.3735055948953977 0.1990232736440635 0.053433891432567326 0.053433891432567326 0.053433891432567326 0.053433891432567326 0.053433891432567326 0.053433891432567326 0.053433891432567326 0.053433891432567326 
0.35987860457621873 0.045066438789465056 0.031664800017647564 0.4307088773042685 0.022113546552066703 0.022113546552066703 0.022113546552066703 0.022113546552066703 0.022113546552066703 0.022113546552066703 
0.25201848524635934 0.05238176733340714 0.3355034085038126 0.051442334130917325 0.051442334130917325 0.051442334130917325 0.051442334130917325 0.051442334130917325 0.051442334130917325 0.051442334130917325 
0.3646599043450892 0.4443478778693459 0.023874027223195548 0.023874027223195548 0.023874027223195548 0.023874027223195548 0.023874027223195548 0.023874027223195548 0.023874027223195548 0.023874027223195548 
0.08594169654500486 0.2081604121947749 0.4502223754316488 0.036525073689795906 0.036525073689795906 0.036525073689795906 0.036525073689795906 0.036525073689795906 0.036525073689795906 0.036525073689795906 


0.3054576367841006 0.11891047364668794 0.041415527913500616 0.18996856215311136 0.05737463325043323 0.05737463325043323 0.05737463325043323 0.05737463325043323 0.05737463325043323 0.05737463325043323 
0.1269674321411659 0.389323581110687 0.06046362334351839 0.06046362334351839 0.06046362334351839 0.06046362334351839 0.06046362334351839 0.06046362334351839 0.06046362334351839 0.06046362334351839 
0.3296462696630543 0.07931510214888124 0.08984605592634812 0.22855631391965145 0.04543937639034417 0.04543937639034417 0.04543937639034417 0.04543937639034417 0.04543937639034417 0.04543937639034417 
0.008860018431831507 0.3132755502552905 0.05892937018557123 0.32746913157786817 0.048577654924906455 0.048577654924906455 0.048577654924906455 0.048577654924906455 0.048577654924906455 0.048577654924906455 
0.32896647899014275 0.22964715514877393 0.055173295732635415 0.055173295732635415 0.055173295732635415 0.055173295732635415 0.055173295732635415 0.055173295732635415 0.055173295732635415 0.055173295732635415 
0.17934510507831894 0.12873745899503683 0.469013160968706 0.03184346785113405 0.03184346785113405 0.03184346785113405 0.03184346785113405 0.03184346785113405 0.03184346785113405 0.03184346785113405 
0.47271243244304356 0.2325485051006403 0.03684238280703946 0.03684238280703946 0.03684238280703946 0.03684238280703946 0.03684238280703946 0.03684238280703946 0.03684238280703946 0.03684238280703946 
0.24208571798813083 0.42038314676523986 0.042191391905828664 0.042191391905828664 0.042191391905828664 0.042191391905828664 0.042191391905828664 0.042191391905828664 0.042191391905828664 0.042191391905828664 
0.21087094298291262 0.4961470584844468 0.03662274981658005 0.03662274981658005 0.03662274981658005 0.03662274981658005 0.03662274981658005 0.03662274981658005 0.03662274981658005 0.03662274981658005 
0.4661259377257845 0.45825336055458915 0.009452587714953319 0.009452587714953319 0.009452587714953319 0.009452587714953319 0.009452587714953319 0.009452587714953319 0.009452587714953319 0.009452587714953319 


0.3992493216061824 0.2995674614650402 0.037647902116097205 0.037647902116097205 0.037647902116097205 0.037647902116097205 0.037647902116097205 0.037647902116097205 0.037647902116097205 0.037647902116097205 
0.09563435608472123 0.35921384573071 0.28154390349329184 0.03765827067018239 0.03765827067018239 0.03765827067018239 0.03765827067018239 0.03765827067018239 0.03765827067018239 0.03765827067018239 
0.23341943741529728 0.2373659155862157 0.390813448564165 0.019771599776331746 0.019771599776331746 0.019771599776331746 0.019771599776331746 0.019771599776331746 0.019771599776331746 0.019771599776331746 
0.029447728978057662 0.013696067822432623 0.06616273202736458 0.06413958510848858 0.3727157735140548 0.09076762250992038 0.09076762250992038 0.09076762250992038 0.09076762250992038 0.09076762250992038 
0.03530612800952702 0.18291310678558295 0.47315338281292235 0.04408962605599536 0.04408962605599536 0.04408962605599536 0.04408962605599536 0.04408962605599536 0.04408962605599536 0.04408962605599536 
0.391801726703487 0.22730186834615596 0.04761205061879468 0.04761205061879468 0.04761205061879468 0.04761205061879468 0.04761205061879468 0.04761205061879468 0.04761205061879468 0.04761205061879468 
0.4025045092159205 0.4883122579572538 0.013647904103353158 0.013647904103353158 0.013647904103353158 0.013647904103353158 0.013647904103353158 0.013647904103353158 0.013647904103353158 0.013647904103353158 
0.42185587690333737 0.2323189026655082 0.043228152553894256 0.043228152553894256 0.043228152553894256 0.043228152553894256 0.043228152553894256 0.043228152553894256 0.043228152553894256 0.043228152553894256 
0.0012626101817310156 0.481459623570656 0.2045661537476262 0.0446730874999981 0.0446730874999981 0.0446730874999981 0.0446730874999981 0.0446730874999981 0.0446730874999981 0.0446730874999981 
0.1968586648821513 0.29465518371062155 0.1088854963257474 0.057085807868782826 0.057085807868782826 0.057085807868782826 0.057085807868782826 0.057085807868782826 0.057085807868782826 0.057085807868782826 


0.09486035819550212 0.25601619330206826 0.026601532632208193 0.2596580158293264 0.06047731667348248 0.06047731667348248 0.06047731667348248 0.06047731667348248 0.06047731667348248 0.06047731667348248 
0.2606758235983784 0.3296314130150114 0.05121159542332623 0.05121159542332623 0.05121159542332623 0.05121159542332623 0.05121159542332623 0.05121159542332623 0.05121159542332623 0.05121159542332623 
0.23902638539055818 0.1973352948573375 0.4172184987233211 0.020917117289826207 0.020917117289826207 0.020917117289826207 0.020917117289826207 0.020917117289826207 0.020917117289826207 0.020917117289826207 
0.18965254976276952 0.3476152836534589 0.057841520822971455 0.057841520822971455 0.057841520822971455 0.057841520822971455 0.057841520822971455 0.057841520822971455 0.057841520822971455 0.057841520822971455 
0.059773773615656244 0.07116467653561268 0.059532133927744944 0.21312038419469084 0.2618922077818622 0.06690336478888666 0.06690336478888666 0.06690336478888666 0.06690336478888666 0.06690336478888666 
0.10179679226624866 0.4326582062201038 0.05819312518920595 0.05819312518920595 0.05819312518920595 0.05819312518920595 0.05819312518920595 0.05819312518920595 0.05819312518920595 0.05819312518920595 
0.1847578509095726 0.05378778819771276 0.08341861548494148 0.43158410897564675 0.04107527273868777 0.04107527273868777 0.04107527273868777 0.04107527273868777 0.04107527273868777 0.04107527273868777 
0.3745429023308425 0.31847276120770146 0.03837304205768203 0.03837304205768203 0.03837304205768203 0.03837304205768203 0.03837304205768203 0.03837304205768203 0.03837304205768203 0.03837304205768203 
0.22669846838347762 0.18573310738929377 0.0701431720115181 0.1926762305691363 0.05412483694109569 0.05412483694109569 0.05412483694109569 0.05412483694109569 0.05412483694109569 0.05412483694109569 
0.37997584718423 0.3068365428906583 0.039148451240639016 0.039148451240639016 0.039148451240639016 0.039148451240639016 0.039148451240639016 0.039148451240639016 0.039148451240639016 0.039148451240639016 


0.11403349667981083 0.11682068990819577 0.48994667630560856 0.03988559101519782 0.03988559101519782 0.03988559101519782 0.03988559101519782 0.03988559101519782 0.03988559101519782 0.03988559101519782 
0.1540774924227176 0.49150498955517774 0.04430218975276306 0.04430218975276306 0.04430218975276306 0.04430218975276306 0.04430218975276306 0.04430218975276306 0.04430218975276306 0.04430218975276306 
0.4923782628320267 0.4030883563577163 0.01306667260128213 0.01306667260128213 0.01306667260128213 0.01306667260128213 0.01306667260128213 0.01306667260128213 0.01306667260128213 0.01306667260128213 
0.004221409484353344 0.49229504468575896 0.21033428808066196 0.041878465392746526 0.041878465392746526 0.041878465392746526 0.041878465392746526 0.041878465392746526 0.041878465392746526 0.041878465392746526 
0.024235036989365865 0.13471930251596798 0.12927638609355546 0.022179471081431323 0.10579042794991352 0.4491277014372991 0.03366791848311672 0.03366791848311672 0.03366791848311672 0.03366791848311672 
0.12178860135587816 0.49290164192966684 0.04816371958930687 0.04816371958930687 0.04816371958930687 0.04816371958930687 0.04816371958930687 0.04816371958930687 0.04816371958930687 0.04816371958930687 
0.47147315341897855 0.21196700949095162 0.039569979636258704 0.039569979636258704 0.039569979636258704 0.039569979636258704 0.039569979636258704 0.039569979636258704 0.039569979636258704 0.039569979636258704 
0.35228621756132694 0.25835885258587504 0.04866936623159969 0.04866936623159969 0.04866936623159969 0.04866936623159969 0.04866936623159969 0.04866936623159969 0.04866936623159969 0.04866936623159969 
0.15073179777103823 0.00880901259769612 0.28413131180005746 0.31269924273718047 0.04060477251567129 0.04060477251567129 0.04060477251567129 0.04060477251567129 0.04060477251567129 0.04060477251567129 
0.2757009489120796 0.29859289037257125 0.05321327008941862 0.05321327008941862 0.05321327008941862 0.05321327008941862 0.05321327008941862 0.05321327008941862 0.05321327008941862 0.05321327008941862 


0.016656393536380966 0.27789524883748534 0.05657152937385477 0.09590006058716236 0.11733061422669747 0.08712923068768377 0.08712923068768377 0.08712923068768377 0.08712923068768377 0.08712923068768377 
0.20434898283561903 0.05092566338504212 0.3738225966819252 0.05298610815677337 0.05298610815677337 0.05298610815677337 0.05298610815677337 0.05298610815677337 0.05298610815677337 0.05298610815677337 
0.29875024487302715 0.25508692516796216 0.055770353744876315 0.055770353744876315 0.055770353744876315 0.055770353744876315 0.055770353744876315 0.055770353744876315 0.055770353744876315 0.055770353744876315 
0.4629016086514816 0.4316911313506962 0.01317590749972782 0.01317590749972782 0.01317590749972782 0.01317590749972782 0.01317590749972782 0.01317590749972782 0.01317590749972782 0.01317590749972782 
0.47446695847485143 0.014849063129069117 0.2996321673806651 0.030150258716487747 0.030150258716487747 0.030150258716487747 0.030150258716487747 0.030150258716487747 0.030150258716487747 0.030150258716487747 
0.06311660521863563 0.2259138866581021 0.3695195301503703 0.04877856828184174 0.04877856828184174 0.04877856828184174 0.04877856828184174 0.04877856828184174 0.04877856828184174 0.04877856828184174 
0.4530782882870821 0.1193933713910676 0.05344104254023129 0.05344104254023129 0.05344104254023129 0.05344104254023129 0.05344104254023129 0.05344104254023129 0.05344104254023129 0.05344104254023129 
0.3453454154911624 0.41119846591238135 0.030432014824557034 0.030432014824557034 0.030432014824557034 0.030432014824557034 0.030432014824557034 0.030432014824557034 0.030432014824557034 0.030432014824557034 
0.28236012455714105 0.4631639543112088 0.03180949014145625 0.03180949014145625 0.03180949014145625 0.03180949014145625 0.03180949014145625 0.03180949014145625 0.03180949014145625 0.03180949014145625 
0.03661998215629606 0.4412456691538818 0.10494616253738168 0.05959831230749155 0.05959831230749155 0.05959831230749155 0.05959831230749155 0.05959831230749155 0.05959831230749155 0.05959831230749155 


0.42611730738821135 0.39644772241043685 0.022179371275168946 0.022179371275168946 0.022179371275168946 0.022179371275168946 0.022179371275168946 0.022179371275168946 0.022179371275168946 0.022179371275168946 
0.49136425277104184 0.10862140789471307 0.05000179241678069 0.05000179241678069 0.05000179241678069 0.05000179241678069 0.05000179241678069 0.05000179241678069 0.05000179241678069 0.05000179241678069 
0.37548903456458266 0.14046033986736126 0.06050632819600703 0.06050632819600703 0.06050632819600703 0.06050632819600703 0.06050632819600703 0.06050632819600703 0.06050632819600703 0.06050632819600703 
0.27321465590759847 0.174835492578373 0.3078626709910968 0.03486959721756166 0.03486959721756166 0.03486959721756166 0.03486959721756166 0.03486959721756166 0.03486959721756166 0.03486959721756166 
0.13449624142164648 0.13486657755024226 0.1488137989943706 0.4372295064461793 0.024098979264593513 0.024098979264593513 0.024098979264593513 0.024098979264593513 0.024098979264593513 0.024098979264593513 
0.37413392810972423 0.47672967362926816 0.01864204978262595 0.01864204978262595 0.01864204978262595 0.01864204978262595 0.01864204978262595 0.01864204978262595 0.01864204978262595 0.01864204978262595 
0.15784934974534476 0.21880317784113718 0.023664124700078292 0.12629517802614798 0.0788980282812153 0.0788980282812153 0.0788980282812153 0.0788980282812153 0.0788980282812153 0.0788980282812153 
0.4934877512184736 0.3093617486176699 0.024643812520482034 0.024643812520482034 0.024643812520482034 0.024643812520482034 0.024643812520482034 0.024643812520482034 0.024643812520482034 0.024643812520482034 
0.3088562820122612 0.3567616801365519 0.041797754731398386 0.041797754731398386 0.041797754731398386 0.041797754731398386 0.041797754731398386 0.041797754731398386 0.041797754731398386 0.041797754731398386 
0.1443705545213454 0.30928532477327336 0.23062836840118783 0.04510225032917048 0.04510225032917048 0.04510225032917048 0.04510225032917048 0.04510225032917048 0.04510225032917048 0.04510225032917048 


