Summary for 
Statistics_4.txt++++++++++++++++++++++++++++++++

For dataset A, the majority is :C

Accuracy with majority is : 0.204


For dataset B, the majority is :C

Accuracy with majority is : 0.179


Distribution for A

++++++++++++++++++++


Unigram

0.05812415220651668 0.24089619616049526 0.10693049014661656 0.3193965053853843 0.04577544268349786 0.04577544268349786 0.04577544268349786 0.04577544268349786 0.04577544268349786 0.04577544268349786 
Bigram

0.19896135821305738 0.08084950857020325 0.09229565250811564 0.11476304557542466 0.2892678252882082 0.0447725219689982 0.0447725219689982 0.0447725219689982 0.0447725219689982 0.0447725219689982 
0.2889693780593104 0.04709300595562736 0.29495304467845923 0.16876858446141263 0.0333693311408651 0.0333693311408651 0.0333693311408651 0.0333693311408651 0.0333693311408651 0.0333693311408651 
0.04698862517472245 0.24700425417684396 0.30600365915039246 0.27830160739306486 0.020283642350829405 0.020283642350829405 0.020283642350829405 0.020283642350829405 0.020283642350829405 0.020283642350829405 
0.02156279321905763 0.029569626774468654 0.1487293486583766 0.23503854842504712 0.0987147628798376 0.24136297546939556 0.056255486143454214 0.056255486143454214 0.056255486143454214 0.056255486143454214 
0.26693954941770853 0.1778774791568084 0.2778427071416713 0.03962003775483024 0.03962003775483024 0.03962003775483024 0.03962003775483024 0.03962003775483024 0.03962003775483024 0.03962003775483024 
0.27574280851747973 0.04649228524193737 0.33074865622349897 0.05916051512157866 0.047975955815917556 0.047975955815917556 0.047975955815917556 0.047975955815917556 0.047975955815917556 0.047975955815917556 
0.2619891193281059 0.22223031519605319 0.30377151074289804 0.030287007818991823 0.030287007818991823 0.030287007818991823 0.030287007818991823 0.030287007818991823 0.030287007818991823 0.030287007818991823 
0.29320354172857127 0.12543940093231548 0.2928548659256452 0.041214598773352616 0.041214598773352616 0.041214598773352616 0.041214598773352616 0.041214598773352616 0.041214598773352616 0.041214598773352616 
0.08663912370086665 0.10409536955450273 0.21353093214409344 0.3291810413576294 0.04442558887381794 0.04442558887381794 0.04442558887381794 0.04442558887381794 0.04442558887381794 0.04442558887381794 
0.12600960261826125 0.02531655890357302 0.007123311568904925 0.05968168282665528 0.13443893967838028 0.04909037968594221 0.25743353961984405 0.056652948681237825 0.14212651820860062 0.14212651820860062 

Trigram
0.1710485262379852 0.19637786991419018 0.00699322507368358 0.09126665654594114 0.2196477588320286 0.06293319267923429 0.06293319267923429 0.06293319267923429 0.06293319267923429 0.06293319267923429 
0.2787529991601139 0.06632510771729283 0.05443070377339946 0.01784582544401514 0.1691167518481076 0.0032087484308891403 0.13323633760225476 0.0923611753413091 0.0923611753413091 0.0923611753413091 
0.16787522326738488 0.1698669608170758 0.2605829534814455 0.16551585692685644 0.03935983425120619 0.03935983425120619 0.03935983425120619 0.03935983425120619 0.03935983425120619 0.03935983425120619 
0.2308028455536658 0.19313998810984287 0.21294525521016214 0.31916299231385276 0.007324819802079372 0.007324819802079372 0.007324819802079372 0.007324819802079372 0.007324819802079372 0.007324819802079372 
0.028112122965705862 0.31390755655825175 0.2901340836857718 0.1645690076213782 0.03387953819481544 0.03387953819481544 0.03387953819481544 0.03387953819481544 0.03387953819481544 0.03387953819481544 
0.04220681029408154 0.11136617968282066 0.1780366536457518 0.3080228292487322 0.3312524758186652 0.0058230102619897025 0.0058230102619897025 0.0058230102619897025 0.0058230102619897025 0.0058230102619897025 
0.20298237503793695 0.17000279088402853 0.007947141717192232 0.3084418185344992 0.051770978971057105 0.051770978971057105 0.051770978971057105 0.051770978971057105 0.051770978971057105 0.051770978971057105 
0.04213199059003658 0.2542627419248347 0.10540832085091963 0.07516424002127564 0.19577225808311763 0.06545208970596317 0.06545208970596317 0.06545208970596317 0.06545208970596317 0.06545208970596317 
0.16212456257653662 0.1780558298662954 0.02254485975022269 0.07375884975479774 0.01629147149331637 0.31063212008896984 0.05914807661746534 0.05914807661746534 0.05914807661746534 0.05914807661746534 
0.31663520115614446 0.12026393547314736 0.2861991999940126 0.039557380482385086 0.039557380482385086 0.039557380482385086 0.039557380482385086 0.039557380482385086 0.039557380482385086 0.039557380482385086 


0.2941302375158398 0.23093103704460463 0.2372990661629951 0.033948522753794376 0.033948522753794376 0.033948522753794376 0.033948522753794376 0.033948522753794376 0.033948522753794376 0.033948522753794376 
0.17618212547052103 0.2835217858883853 0.2869349404499773 0.0361944497415881 0.0361944497415881 0.0361944497415881 0.0361944497415881 0.0361944497415881 0.0361944497415881 0.0361944497415881 
0.3211630245777715 0.18659869061855175 0.18445087697233858 0.04396962969019122 0.04396962969019122 0.04396962969019122 0.04396962969019122 0.04396962969019122 0.04396962969019122 0.04396962969019122 
0.18061950295105453 0.04873832454771833 0.16254772503480702 0.3014794503205636 0.05110249952430938 0.05110249952430938 0.05110249952430938 0.05110249952430938 0.05110249952430938 0.05110249952430938 
0.2070648095289912 0.3127096376723497 0.2169202345136225 0.03761504546929094 0.03761504546929094 0.03761504546929094 0.03761504546929094 0.03761504546929094 0.03761504546929094 0.03761504546929094 
0.1296233328407916 0.33275666893752687 0.08280693151301284 0.12637118096000866 0.05474031429144333 0.05474031429144333 0.05474031429144333 0.05474031429144333 0.05474031429144333 0.05474031429144333 
0.28042543616966537 0.24785643289395895 0.17331937689988938 0.04262839343378372 0.04262839343378372 0.04262839343378372 0.04262839343378372 0.04262839343378372 0.04262839343378372 0.04262839343378372 
0.17737280179806128 0.10397102025925671 0.24775302123036688 0.01974790948684313 0.15403933260206268 0.05942318292468185 0.05942318292468185 0.05942318292468185 0.05942318292468185 0.05942318292468185 
0.3148151853877738 0.10649048884023171 0.09249883644582846 0.24916460015857034 0.03950514819459927 0.03950514819459927 0.03950514819459927 0.03950514819459927 0.03950514819459927 0.03950514819459927 
0.32689858644717984 0.09012487015686818 0.04549037916656582 0.2929910064090944 0.040749192970048594 0.040749192970048594 0.040749192970048594 0.040749192970048594 0.040749192970048594 0.040749192970048594 


0.03853140722570745 0.12140443383586809 0.2113203777249449 0.10372223707638896 0.2935585431660507 0.04629260019420796 0.04629260019420796 0.04629260019420796 0.04629260019420796 0.04629260019420796 
0.32491757180202485 0.0926914506600727 0.2658958906515602 0.045213583840906055 0.045213583840906055 0.045213583840906055 0.045213583840906055 0.045213583840906055 0.045213583840906055 0.045213583840906055 
0.09650388980146148 0.17299499890629566 0.15867048464180428 0.1790120302153862 0.02446750311401904 0.3311582546027509 0.009298209679570688 0.009298209679570688 0.009298209679570688 0.009298209679570688 
0.06389541617158094 0.2843302061662832 0.15453801690980828 0.2837803358742344 0.035576004146348865 0.035576004146348865 0.035576004146348865 0.035576004146348865 0.035576004146348865 0.035576004146348865 
0.0011081729109358738 0.057982822282654105 0.1682269738747045 0.152229601716064 0.14253341374122108 0.1378535873597372 0.24379308678671743 0.03209078044265527 0.03209078044265527 0.03209078044265527 
0.28869222453508614 0.1132302320317339 0.15863233264786214 0.2989272044655376 0.02341966771996335 0.02341966771996335 0.02341966771996335 0.02341966771996335 0.02341966771996335 0.02341966771996335 
0.17672060453349805 0.2691712648665336 0.17944699278613277 0.07157112261628855 0.05051500253292452 0.05051500253292452 0.05051500253292452 0.05051500253292452 0.05051500253292452 0.05051500253292452 
0.13603009516532197 0.23501418677914462 0.24381849284843785 0.05104193118614556 0.05568254900349167 0.05568254900349167 0.05568254900349167 0.05568254900349167 0.05568254900349167 0.05568254900349167 
0.0735118250655312 0.32259986170316796 0.25147795452300653 0.05316110232434355 0.04987487606399182 0.04987487606399182 0.04987487606399182 0.04987487606399182 0.04987487606399182 0.04987487606399182 
0.3246726259326471 0.14328117982619945 0.18221422240401416 0.1377188775031824 0.03535218238899275 0.03535218238899275 0.03535218238899275 0.03535218238899275 0.03535218238899275 0.03535218238899275 


0.3240927325543948 0.005436308775601846 0.06914203267320203 0.1739356835984205 0.3152956805220975 0.02241951237525671 0.02241951237525671 0.02241951237525671 0.02241951237525671 0.02241951237525671 
0.11364170451438667 0.28402355017208225 0.24827000349791925 0.26304428596366364 0.015170075975324687 0.015170075975324687 0.015170075975324687 0.015170075975324687 0.015170075975324687 0.015170075975324687 
0.32959340147371385 0.02328803165202681 0.22525415160189377 0.2847381358682083 0.02285437990069291 0.02285437990069291 0.02285437990069291 0.02285437990069291 0.02285437990069291 0.02285437990069291 
0.3174437523364059 0.32422801936848294 0.3186769900444461 0.005664462607237864 0.005664462607237864 0.005664462607237864 0.005664462607237864 0.005664462607237864 0.005664462607237864 0.005664462607237864 
0.3045418337009703 0.30360961235291334 0.14390962415145137 0.03541984711352359 0.03541984711352359 0.03541984711352359 0.03541984711352359 0.03541984711352359 0.03541984711352359 0.03541984711352359 
0.1493599761839952 0.004579740087558148 0.26653950160263495 0.23856510657548646 0.32728148856159034 0.002734837397747003 0.002734837397747003 0.002734837397747003 0.002734837397747003 0.002734837397747003 
0.3265060235284834 0.17702992633722206 0.19506849545799776 0.04305650781089955 0.04305650781089955 0.04305650781089955 0.04305650781089955 0.04305650781089955 0.04305650781089955 0.04305650781089955 
0.3314905919802222 0.30158707060562606 0.18696482475312665 0.025708216094432124 0.025708216094432124 0.025708216094432124 0.025708216094432124 0.025708216094432124 0.025708216094432124 0.025708216094432124 
0.11370385807348912 0.0497703376345468 0.08688440016067313 0.019454113868428897 0.1054623170487672 0.26296663535475634 0.23828047007809391 0.04115928926041482 0.04115928926041482 0.04115928926041482 
0.12522941005096744 0.2546428191242737 0.23540574720049393 0.11714028632962623 0.04459695621577313 0.04459695621577313 0.04459695621577313 0.04459695621577313 0.04459695621577313 0.04459695621577313 


0.13414824805053124 0.276904529468959 0.24460238199446183 0.19536778880927672 0.02482950861279519 0.02482950861279519 0.02482950861279519 0.02482950861279519 0.02482950861279519 0.02482950861279519 
0.21694056650375645 0.12516284020446936 0.29088784300302256 0.08957794812147965 0.046238467027878635 0.046238467027878635 0.046238467027878635 0.046238467027878635 0.046238467027878635 0.046238467027878635 
0.14888050074674053 0.17854175777583503 0.2668364923585507 0.21290177907052474 0.032139911674724804 0.032139911674724804 0.032139911674724804 0.032139911674724804 0.032139911674724804 0.032139911674724804 
0.10132318103221738 0.140521361688165 0.2857056651976213 0.15667537264207598 0.05262906990665339 0.05262906990665339 0.05262906990665339 0.05262906990665339 0.05262906990665339 0.05262906990665339 
0.31671097341354876 0.16240277668935266 0.3092649439657838 0.030231615133044988 0.030231615133044988 0.030231615133044988 0.030231615133044988 0.030231615133044988 0.030231615133044988 0.030231615133044988 
0.02643875614919818 0.020665018719743838 0.25421556508821713 0.15258876116201828 0.07087116968900142 0.11854562854171861 0.19675949077537205 0.053305203291576814 0.053305203291576814 0.053305203291576814 
0.03166916755204379 0.08139559701709204 0.26768021976214484 0.28952810201597845 0.054954485608790175 0.054954485608790175 0.054954485608790175 0.054954485608790175 0.054954485608790175 0.054954485608790175 
0.2748397542579679 0.22185381451280234 0.3040137161395583 0.028470387869953092 0.028470387869953092 0.028470387869953092 0.028470387869953092 0.028470387869953092 0.028470387869953092 0.028470387869953092 
0.09292986552578032 0.3126399510648085 0.07831114509327605 0.05055730837737672 0.20566980327079296 0.05197838533359306 0.05197838533359306 0.05197838533359306 0.05197838533359306 0.05197838533359306 
0.13215885828785107 0.15394404504505987 0.21541465275390206 0.1238852252182064 0.19130905412072155 0.036657632914851856 0.036657632914851856 0.036657632914851856 0.036657632914851856 0.036657632914851856 


0.31611429846811323 0.24214781062599586 0.05183036781818719 0.3194460403885578 0.011743580449857623 0.011743580449857623 0.011743580449857623 0.011743580449857623 0.011743580449857623 0.011743580449857623 
0.04774140478033014 0.13526024590304742 0.1791252373155949 0.23153013506677125 0.05816917821222586 0.22422610215807884 0.030986924140987894 0.030986924140987894 0.030986924140987894 0.030986924140987894 
0.32612320910155 0.04751391354660385 0.18720312968434452 0.20957432975677362 0.038264236318454686 0.038264236318454686 0.038264236318454686 0.038264236318454686 0.038264236318454686 0.038264236318454686 
0.27269203595850255 0.3333459056875084 0.10639453662667551 0.041081074532473394 0.041081074532473394 0.041081074532473394 0.041081074532473394 0.041081074532473394 0.041081074532473394 0.041081074532473394 
0.06617499639035539 0.09372358796069467 0.035740245517900726 0.013602408605886964 0.165780858016 0.0678198929214894 0.2565925064871409 0.10018850136684407 0.10018850136684407 0.10018850136684407 
0.04910622505778195 0.32383119280613 0.1779644873760647 0.13364241477035196 0.052575946664945215 0.052575946664945215 0.052575946664945215 0.052575946664945215 0.052575946664945215 0.052575946664945215 
0.28333682760196804 0.31171054175451024 0.03631930227805441 0.1409498121766753 0.03794725269813197 0.03794725269813197 0.03794725269813197 0.03794725269813197 0.03794725269813197 0.03794725269813197 
0.06737787882318136 0.20440006762043952 0.040817728058911595 0.10335665398089659 0.108095887618829 0.026631526843325298 0.2998398236186697 0.049826811145249006 0.049826811145249006 0.049826811145249006 
0.21746342188557347 0.2704501466098928 0.1674126867227116 0.20772270691652903 0.02282517297754886 0.02282517297754886 0.02282517297754886 0.02282517297754886 0.02282517297754886 0.02282517297754886 
0.271586907204064 0.09385888754979958 0.06939613327953664 0.03834891132699851 0.30564276566679516 0.044233278994561295 0.044233278994561295 0.044233278994561295 0.044233278994561295 0.044233278994561295 


0.07716278518710834 0.16617655335411738 0.0773019324948748 0.22890215726283872 0.21635726281116108 0.046819861777979956 0.046819861777979956 0.046819861777979956 0.046819861777979956 0.046819861777979956 
0.195125922947936 0.1792719184267709 0.23391063134628645 0.10806692333390396 0.04727076732418379 0.04727076732418379 0.04727076732418379 0.04727076732418379 0.04727076732418379 0.04727076732418379 
0.23884930897732648 0.06189040740782871 0.24081884026172606 0.07916923327817553 0.19966601799306832 0.03592123841637495 0.03592123841637495 0.03592123841637495 0.03592123841637495 0.03592123841637495 
0.031693673880888194 0.3294164226474633 0.04417885861756556 0.3329741303630737 0.0436228190818349 0.0436228190818349 0.0436228190818349 0.0436228190818349 0.0436228190818349 0.0436228190818349 
0.2204286849032769 0.3302077904323383 0.21813645526050818 0.033032438486268065 0.033032438486268065 0.033032438486268065 0.033032438486268065 0.033032438486268065 0.033032438486268065 0.033032438486268065 
0.02734743497419339 0.24710323172530677 0.25246431726089963 0.0037124123969205607 0.140220823129946 0.06583035610254676 0.06583035610254676 0.06583035610254676 0.06583035610254676 0.06583035610254676 
0.21485845765650222 0.2960493076164055 0.22906597515930202 0.03714660850968432 0.03714660850968432 0.03714660850968432 0.03714660850968432 0.03714660850968432 0.03714660850968432 0.03714660850968432 
0.08601334032313988 0.31985100804281724 0.0018982087521493209 0.1955166298182748 0.14263146812003868 0.05081786898871603 0.05081786898871603 0.05081786898871603 0.05081786898871603 0.05081786898871603 
0.174055192498329 0.2209314932287016 0.10385716575805112 0.24185324041146491 0.04321715135057552 0.04321715135057552 0.04321715135057552 0.04321715135057552 0.04321715135057552 0.04321715135057552 
0.1752590949567864 0.10224663571465394 0.09719299951634064 0.16991066005584607 0.3183399858548185 0.027410124780310807 0.027410124780310807 0.027410124780310807 0.027410124780310807 0.027410124780310807 


0.31213276711935994 0.04641510423327311 0.2637453130965813 0.005097851919187952 0.25589696172469717 0.023342400381380125 0.023342400381380125 0.023342400381380125 0.023342400381380125 0.023342400381380125 
0.24685861279136517 0.10019417923487227 0.10428984818867355 0.3060310706341914 0.04043771485848298 0.04043771485848298 0.04043771485848298 0.04043771485848298 0.04043771485848298 0.04043771485848298 
0.09772598145593538 0.31502359010236153 0.18568269520070588 0.2721107020212142 0.021576171869963807 0.021576171869963807 0.021576171869963807 0.021576171869963807 0.021576171869963807 0.021576171869963807 
0.008002275253504313 0.3227388651694269 0.28383056501999343 0.08960009413368279 0.04930470007056542 0.04930470007056542 0.04930470007056542 0.04930470007056542 0.04930470007056542 0.04930470007056542 
0.2292416783610351 0.26803021648254693 0.31396923247972774 0.026965553239527106 0.026965553239527106 0.026965553239527106 0.026965553239527106 0.026965553239527106 0.026965553239527106 0.026965553239527106 
0.18001718047527973 0.04844587372084125 0.330620386910915 0.007208331151402462 0.0880082724326087 0.1496482405465647 0.0490129286905971 0.0490129286905971 0.0490129286905971 0.0490129286905971 
0.2996527628184108 0.046163682392159955 0.30325849999451565 0.10790999450569268 0.04050251004820349 0.04050251004820349 0.04050251004820349 0.04050251004820349 0.04050251004820349 0.04050251004820349 
0.12296022931739738 0.11580132671790412 0.08694923525895541 0.15978224508788716 0.13578538962290784 0.30420971917179734 0.01862796370578764 0.01862796370578764 0.01862796370578764 0.01862796370578764 
0.25906754420255623 0.17028478960207882 0.18549479937001234 0.2391568759355126 0.02433266514830666 0.02433266514830666 0.02433266514830666 0.02433266514830666 0.02433266514830666 0.02433266514830666 
0.1887842435643048 0.20542995588522067 0.07308328453838094 0.22588086590536782 0.05113694168445434 0.05113694168445434 0.05113694168445434 0.05113694168445434 0.05113694168445434 0.05113694168445434 


0.059128122909710555 0.24233804987755134 0.10921863761906836 0.2548650844555179 0.19297091875345543 0.028295837276939267 0.028295837276939267 0.028295837276939267 0.028295837276939267 0.028295837276939267 
0.24058062238706088 0.2668971306465537 0.1797491255662753 0.04468187448573002 0.04468187448573002 0.04468187448573002 0.04468187448573002 0.04468187448573002 0.04468187448573002 0.04468187448573002 
0.19673942233694752 0.16103370032699893 0.21669397738586596 0.31063440857484476 0.019149748562557165 0.019149748562557165 0.019149748562557165 0.019149748562557165 0.019149748562557165 0.019149748562557165 
0.024169808299603357 0.18303741128380854 0.09932110593017107 0.02999421097689085 0.1920668489877985 0.04393336156827606 0.30005846531629154 0.04247292921238671 0.04247292921238671 0.04247292921238671 
0.07717521712453469 0.04480955151352992 0.23942893204104432 0.21602388145355841 0.014102587840980002 0.28585482896019526 0.030651250266539316 0.030651250266539316 0.030651250266539316 0.030651250266539316 
0.2752696691635556 0.23836661807130055 0.0049472968746802435 0.13976811316063745 0.22870040434871855 0.0225895796762215 0.0225895796762215 0.0225895796762215 0.0225895796762215 0.0225895796762215 
0.09051423603527488 0.27214128942966104 0.16977432179844462 0.04483567575091183 0.09833448358651888 0.06487999867983776 0.06487999867983776 0.06487999867983776 0.06487999867983776 0.06487999867983776 
0.01466268271617256 0.25255123366315296 0.17506045206106308 0.30473147975906006 0.04216569196675854 0.04216569196675854 0.04216569196675854 0.04216569196675854 0.04216569196675854 0.04216569196675854 
0.23142610240011918 0.2470805212439119 0.13718138932884463 0.005725692358705185 0.30907886634766485 0.013901485664150882 0.013901485664150882 0.013901485664150882 0.013901485664150882 0.013901485664150882 
0.04394102786359207 0.20389837800257227 0.2176782482290851 0.07570848785467206 0.2063711388013879 0.050480543849738116 0.050480543849738116 0.050480543849738116 0.050480543849738116 0.050480543849738116 


0.1328740770234509 0.22306432605469528 0.04137404780618442 0.1279164564892644 0.31456908022135893 0.03204040248100918 0.03204040248100918 0.03204040248100918 0.03204040248100918 0.03204040248100918 
0.17303184908633085 0.13415034557321823 0.28065164274110355 0.12220602134631502 0.04832669020883872 0.04832669020883872 0.04832669020883872 0.04832669020883872 0.04832669020883872 0.04832669020883872 
0.26833604288366636 0.2629196621660581 0.15512844155268024 0.04480226477108505 0.04480226477108505 0.04480226477108505 0.04480226477108505 0.04480226477108505 0.04480226477108505 0.04480226477108505 
0.08135267179763464 0.29164153430604617 0.29838755063458705 0.046945463323104605 0.046945463323104605 0.046945463323104605 0.046945463323104605 0.046945463323104605 0.046945463323104605 0.046945463323104605 
0.19326947167020042 0.273395125244469 0.20952254061427267 0.04625898035300832 0.04625898035300832 0.04625898035300832 0.04625898035300832 0.04625898035300832 0.04625898035300832 0.04625898035300832 
0.11716974395484143 0.2881072583700916 0.06768627177213385 0.11977614498003204 0.23096495370674625 0.035259125443231 0.035259125443231 0.035259125443231 0.035259125443231 0.035259125443231 
0.1390103143894106 0.30776954020005837 0.21266756629370118 0.0839104018155678 0.04277369621687701 0.04277369621687701 0.04277369621687701 0.04277369621687701 0.04277369621687701 0.04277369621687701 
0.018128675481495327 0.2751254873240679 0.11657454184968852 0.02277953104996311 0.17983969409624115 0.2574586188706126 0.03252336283198287 0.03252336283198287 0.03252336283198287 0.03252336283198287 
0.1499145311484655 0.05060322641871934 0.13259349505342644 0.318628403614541 0.22968285128200033 0.02371549849656944 0.02371549849656944 0.02371549849656944 0.02371549849656944 0.02371549849656944 
0.15730678516002494 0.2314156961001673 0.12121971402688722 0.24380584706160185 0.041041992941886415 0.041041992941886415 0.041041992941886415 0.041041992941886415 0.041041992941886415 0.041041992941886415 


Distribution for A
++++++++++++++++++++

Unigram
0.05812415220651668 0.24089619616049526 0.10693049014661656 0.3193965053853843 0.04577544268349786 0.04577544268349786 0.04577544268349786 0.04577544268349786 0.04577544268349786 0.04577544268349786 
Bigram
0.19896135821305738 0.08084950857020325 0.09229565250811564 0.11476304557542466 0.2892678252882082 0.0447725219689982 0.0447725219689982 0.0447725219689982 0.0447725219689982 0.0447725219689982 
0.2889693780593104 0.04709300595562736 0.29495304467845923 0.16876858446141263 0.0333693311408651 0.0333693311408651 0.0333693311408651 0.0333693311408651 0.0333693311408651 0.0333693311408651 
0.04698862517472245 0.24700425417684396 0.30600365915039246 0.27830160739306486 0.020283642350829405 0.020283642350829405 0.020283642350829405 0.020283642350829405 0.020283642350829405 0.020283642350829405 
0.02156279321905763 0.029569626774468654 0.1487293486583766 0.23503854842504712 0.0987147628798376 0.24136297546939556 0.056255486143454214 0.056255486143454214 0.056255486143454214 0.056255486143454214 
0.26693954941770853 0.1778774791568084 0.2778427071416713 0.03962003775483024 0.03962003775483024 0.03962003775483024 0.03962003775483024 0.03962003775483024 0.03962003775483024 0.03962003775483024 
0.27574280851747973 0.04649228524193737 0.33074865622349897 0.05916051512157866 0.047975955815917556 0.047975955815917556 0.047975955815917556 0.047975955815917556 0.047975955815917556 0.047975955815917556 
0.2619891193281059 0.22223031519605319 0.30377151074289804 0.030287007818991823 0.030287007818991823 0.030287007818991823 0.030287007818991823 0.030287007818991823 0.030287007818991823 0.030287007818991823 
0.29320354172857127 0.12543940093231548 0.2928548659256452 0.041214598773352616 0.041214598773352616 0.041214598773352616 0.041214598773352616 0.041214598773352616 0.041214598773352616 0.041214598773352616 
0.08663912370086665 0.10409536955450273 0.21353093214409344 0.3291810413576294 0.04442558887381794 0.04442558887381794 0.04442558887381794 0.04442558887381794 0.04442558887381794 0.04442558887381794 
0.12600960261826125 0.02531655890357302 0.007123311568904925 0.05968168282665528 0.13443893967838028 0.04909037968594221 0.25743353961984405 0.056652948681237825 0.14212651820860062 0.14212651820860062 

Trigram
0.1710485262379852 0.19637786991419018 0.00699322507368358 0.09126665654594114 0.2196477588320286 0.06293319267923429 0.06293319267923429 0.06293319267923429 0.06293319267923429 0.06293319267923429 
0.2787529991601139 0.06632510771729283 0.05443070377339946 0.01784582544401514 0.1691167518481076 0.0032087484308891403 0.13323633760225476 0.0923611753413091 0.0923611753413091 0.0923611753413091 
0.16787522326738488 0.1698669608170758 0.2605829534814455 0.16551585692685644 0.03935983425120619 0.03935983425120619 0.03935983425120619 0.03935983425120619 0.03935983425120619 0.03935983425120619 
0.2308028455536658 0.19313998810984287 0.21294525521016214 0.31916299231385276 0.007324819802079372 0.007324819802079372 0.007324819802079372 0.007324819802079372 0.007324819802079372 0.007324819802079372 
0.028112122965705862 0.31390755655825175 0.2901340836857718 0.1645690076213782 0.03387953819481544 0.03387953819481544 0.03387953819481544 0.03387953819481544 0.03387953819481544 0.03387953819481544 
0.04220681029408154 0.11136617968282066 0.1780366536457518 0.3080228292487322 0.3312524758186652 0.0058230102619897025 0.0058230102619897025 0.0058230102619897025 0.0058230102619897025 0.0058230102619897025 
0.20298237503793695 0.17000279088402853 0.007947141717192232 0.3084418185344992 0.051770978971057105 0.051770978971057105 0.051770978971057105 0.051770978971057105 0.051770978971057105 0.051770978971057105 
0.04213199059003658 0.2542627419248347 0.10540832085091963 0.07516424002127564 0.19577225808311763 0.06545208970596317 0.06545208970596317 0.06545208970596317 0.06545208970596317 0.06545208970596317 
0.16212456257653662 0.1780558298662954 0.02254485975022269 0.07375884975479774 0.01629147149331637 0.31063212008896984 0.05914807661746534 0.05914807661746534 0.05914807661746534 0.05914807661746534 
0.31663520115614446 0.12026393547314736 0.2861991999940126 0.039557380482385086 0.039557380482385086 0.039557380482385086 0.039557380482385086 0.039557380482385086 0.039557380482385086 0.039557380482385086 


0.2941302375158398 0.23093103704460463 0.2372990661629951 0.033948522753794376 0.033948522753794376 0.033948522753794376 0.033948522753794376 0.033948522753794376 0.033948522753794376 0.033948522753794376 
0.17618212547052103 0.2835217858883853 0.2869349404499773 0.0361944497415881 0.0361944497415881 0.0361944497415881 0.0361944497415881 0.0361944497415881 0.0361944497415881 0.0361944497415881 
0.3211630245777715 0.18659869061855175 0.18445087697233858 0.04396962969019122 0.04396962969019122 0.04396962969019122 0.04396962969019122 0.04396962969019122 0.04396962969019122 0.04396962969019122 
0.18061950295105453 0.04873832454771833 0.16254772503480702 0.3014794503205636 0.05110249952430938 0.05110249952430938 0.05110249952430938 0.05110249952430938 0.05110249952430938 0.05110249952430938 
0.2070648095289912 0.3127096376723497 0.2169202345136225 0.03761504546929094 0.03761504546929094 0.03761504546929094 0.03761504546929094 0.03761504546929094 0.03761504546929094 0.03761504546929094 
0.1296233328407916 0.33275666893752687 0.08280693151301284 0.12637118096000866 0.05474031429144333 0.05474031429144333 0.05474031429144333 0.05474031429144333 0.05474031429144333 0.05474031429144333 
0.28042543616966537 0.24785643289395895 0.17331937689988938 0.04262839343378372 0.04262839343378372 0.04262839343378372 0.04262839343378372 0.04262839343378372 0.04262839343378372 0.04262839343378372 
0.17737280179806128 0.10397102025925671 0.24775302123036688 0.01974790948684313 0.15403933260206268 0.05942318292468185 0.05942318292468185 0.05942318292468185 0.05942318292468185 0.05942318292468185 
0.3148151853877738 0.10649048884023171 0.09249883644582846 0.24916460015857034 0.03950514819459927 0.03950514819459927 0.03950514819459927 0.03950514819459927 0.03950514819459927 0.03950514819459927 
0.32689858644717984 0.09012487015686818 0.04549037916656582 0.2929910064090944 0.040749192970048594 0.040749192970048594 0.040749192970048594 0.040749192970048594 0.040749192970048594 0.040749192970048594 


0.03853140722570745 0.12140443383586809 0.2113203777249449 0.10372223707638896 0.2935585431660507 0.04629260019420796 0.04629260019420796 0.04629260019420796 0.04629260019420796 0.04629260019420796 
0.32491757180202485 0.0926914506600727 0.2658958906515602 0.045213583840906055 0.045213583840906055 0.045213583840906055 0.045213583840906055 0.045213583840906055 0.045213583840906055 0.045213583840906055 
0.09650388980146148 0.17299499890629566 0.15867048464180428 0.1790120302153862 0.02446750311401904 0.3311582546027509 0.009298209679570688 0.009298209679570688 0.009298209679570688 0.009298209679570688 
0.06389541617158094 0.2843302061662832 0.15453801690980828 0.2837803358742344 0.035576004146348865 0.035576004146348865 0.035576004146348865 0.035576004146348865 0.035576004146348865 0.035576004146348865 
0.0011081729109358738 0.057982822282654105 0.1682269738747045 0.152229601716064 0.14253341374122108 0.1378535873597372 0.24379308678671743 0.03209078044265527 0.03209078044265527 0.03209078044265527 
0.28869222453508614 0.1132302320317339 0.15863233264786214 0.2989272044655376 0.02341966771996335 0.02341966771996335 0.02341966771996335 0.02341966771996335 0.02341966771996335 0.02341966771996335 
0.17672060453349805 0.2691712648665336 0.17944699278613277 0.07157112261628855 0.05051500253292452 0.05051500253292452 0.05051500253292452 0.05051500253292452 0.05051500253292452 0.05051500253292452 
0.13603009516532197 0.23501418677914462 0.24381849284843785 0.05104193118614556 0.05568254900349167 0.05568254900349167 0.05568254900349167 0.05568254900349167 0.05568254900349167 0.05568254900349167 
0.0735118250655312 0.32259986170316796 0.25147795452300653 0.05316110232434355 0.04987487606399182 0.04987487606399182 0.04987487606399182 0.04987487606399182 0.04987487606399182 0.04987487606399182 
0.3246726259326471 0.14328117982619945 0.18221422240401416 0.1377188775031824 0.03535218238899275 0.03535218238899275 0.03535218238899275 0.03535218238899275 0.03535218238899275 0.03535218238899275 


0.3240927325543948 0.005436308775601846 0.06914203267320203 0.1739356835984205 0.3152956805220975 0.02241951237525671 0.02241951237525671 0.02241951237525671 0.02241951237525671 0.02241951237525671 
0.11364170451438667 0.28402355017208225 0.24827000349791925 0.26304428596366364 0.015170075975324687 0.015170075975324687 0.015170075975324687 0.015170075975324687 0.015170075975324687 0.015170075975324687 
0.32959340147371385 0.02328803165202681 0.22525415160189377 0.2847381358682083 0.02285437990069291 0.02285437990069291 0.02285437990069291 0.02285437990069291 0.02285437990069291 0.02285437990069291 
0.3174437523364059 0.32422801936848294 0.3186769900444461 0.005664462607237864 0.005664462607237864 0.005664462607237864 0.005664462607237864 0.005664462607237864 0.005664462607237864 0.005664462607237864 
0.3045418337009703 0.30360961235291334 0.14390962415145137 0.03541984711352359 0.03541984711352359 0.03541984711352359 0.03541984711352359 0.03541984711352359 0.03541984711352359 0.03541984711352359 
0.1493599761839952 0.004579740087558148 0.26653950160263495 0.23856510657548646 0.32728148856159034 0.002734837397747003 0.002734837397747003 0.002734837397747003 0.002734837397747003 0.002734837397747003 
0.3265060235284834 0.17702992633722206 0.19506849545799776 0.04305650781089955 0.04305650781089955 0.04305650781089955 0.04305650781089955 0.04305650781089955 0.04305650781089955 0.04305650781089955 
0.3314905919802222 0.30158707060562606 0.18696482475312665 0.025708216094432124 0.025708216094432124 0.025708216094432124 0.025708216094432124 0.025708216094432124 0.025708216094432124 0.025708216094432124 
0.11370385807348912 0.0497703376345468 0.08688440016067313 0.019454113868428897 0.1054623170487672 0.26296663535475634 0.23828047007809391 0.04115928926041482 0.04115928926041482 0.04115928926041482 
0.12522941005096744 0.2546428191242737 0.23540574720049393 0.11714028632962623 0.04459695621577313 0.04459695621577313 0.04459695621577313 0.04459695621577313 0.04459695621577313 0.04459695621577313 


0.13414824805053124 0.276904529468959 0.24460238199446183 0.19536778880927672 0.02482950861279519 0.02482950861279519 0.02482950861279519 0.02482950861279519 0.02482950861279519 0.02482950861279519 
0.21694056650375645 0.12516284020446936 0.29088784300302256 0.08957794812147965 0.046238467027878635 0.046238467027878635 0.046238467027878635 0.046238467027878635 0.046238467027878635 0.046238467027878635 
0.14888050074674053 0.17854175777583503 0.2668364923585507 0.21290177907052474 0.032139911674724804 0.032139911674724804 0.032139911674724804 0.032139911674724804 0.032139911674724804 0.032139911674724804 
0.10132318103221738 0.140521361688165 0.2857056651976213 0.15667537264207598 0.05262906990665339 0.05262906990665339 0.05262906990665339 0.05262906990665339 0.05262906990665339 0.05262906990665339 
0.31671097341354876 0.16240277668935266 0.3092649439657838 0.030231615133044988 0.030231615133044988 0.030231615133044988 0.030231615133044988 0.030231615133044988 0.030231615133044988 0.030231615133044988 
0.02643875614919818 0.020665018719743838 0.25421556508821713 0.15258876116201828 0.07087116968900142 0.11854562854171861 0.19675949077537205 0.053305203291576814 0.053305203291576814 0.053305203291576814 
0.03166916755204379 0.08139559701709204 0.26768021976214484 0.28952810201597845 0.054954485608790175 0.054954485608790175 0.054954485608790175 0.054954485608790175 0.054954485608790175 0.054954485608790175 
0.2748397542579679 0.22185381451280234 0.3040137161395583 0.028470387869953092 0.028470387869953092 0.028470387869953092 0.028470387869953092 0.028470387869953092 0.028470387869953092 0.028470387869953092 
0.09292986552578032 0.3126399510648085 0.07831114509327605 0.05055730837737672 0.20566980327079296 0.05197838533359306 0.05197838533359306 0.05197838533359306 0.05197838533359306 0.05197838533359306 
0.13215885828785107 0.15394404504505987 0.21541465275390206 0.1238852252182064 0.19130905412072155 0.036657632914851856 0.036657632914851856 0.036657632914851856 0.036657632914851856 0.036657632914851856 


0.31611429846811323 0.24214781062599586 0.05183036781818719 0.3194460403885578 0.011743580449857623 0.011743580449857623 0.011743580449857623 0.011743580449857623 0.011743580449857623 0.011743580449857623 
0.04774140478033014 0.13526024590304742 0.1791252373155949 0.23153013506677125 0.05816917821222586 0.22422610215807884 0.030986924140987894 0.030986924140987894 0.030986924140987894 0.030986924140987894 
0.32612320910155 0.04751391354660385 0.18720312968434452 0.20957432975677362 0.038264236318454686 0.038264236318454686 0.038264236318454686 0.038264236318454686 0.038264236318454686 0.038264236318454686 
0.27269203595850255 0.3333459056875084 0.10639453662667551 0.041081074532473394 0.041081074532473394 0.041081074532473394 0.041081074532473394 0.041081074532473394 0.041081074532473394 0.041081074532473394 
0.06617499639035539 0.09372358796069467 0.035740245517900726 0.013602408605886964 0.165780858016 0.0678198929214894 0.2565925064871409 0.10018850136684407 0.10018850136684407 0.10018850136684407 
0.04910622505778195 0.32383119280613 0.1779644873760647 0.13364241477035196 0.052575946664945215 0.052575946664945215 0.052575946664945215 0.052575946664945215 0.052575946664945215 0.052575946664945215 
0.28333682760196804 0.31171054175451024 0.03631930227805441 0.1409498121766753 0.03794725269813197 0.03794725269813197 0.03794725269813197 0.03794725269813197 0.03794725269813197 0.03794725269813197 
0.06737787882318136 0.20440006762043952 0.040817728058911595 0.10335665398089659 0.108095887618829 0.026631526843325298 0.2998398236186697 0.049826811145249006 0.049826811145249006 0.049826811145249006 
0.21746342188557347 0.2704501466098928 0.1674126867227116 0.20772270691652903 0.02282517297754886 0.02282517297754886 0.02282517297754886 0.02282517297754886 0.02282517297754886 0.02282517297754886 
0.271586907204064 0.09385888754979958 0.06939613327953664 0.03834891132699851 0.30564276566679516 0.044233278994561295 0.044233278994561295 0.044233278994561295 0.044233278994561295 0.044233278994561295 


0.07716278518710834 0.16617655335411738 0.0773019324948748 0.22890215726283872 0.21635726281116108 0.046819861777979956 0.046819861777979956 0.046819861777979956 0.046819861777979956 0.046819861777979956 
0.195125922947936 0.1792719184267709 0.23391063134628645 0.10806692333390396 0.04727076732418379 0.04727076732418379 0.04727076732418379 0.04727076732418379 0.04727076732418379 0.04727076732418379 
0.23884930897732648 0.06189040740782871 0.24081884026172606 0.07916923327817553 0.19966601799306832 0.03592123841637495 0.03592123841637495 0.03592123841637495 0.03592123841637495 0.03592123841637495 
0.031693673880888194 0.3294164226474633 0.04417885861756556 0.3329741303630737 0.0436228190818349 0.0436228190818349 0.0436228190818349 0.0436228190818349 0.0436228190818349 0.0436228190818349 
0.2204286849032769 0.3302077904323383 0.21813645526050818 0.033032438486268065 0.033032438486268065 0.033032438486268065 0.033032438486268065 0.033032438486268065 0.033032438486268065 0.033032438486268065 
0.02734743497419339 0.24710323172530677 0.25246431726089963 0.0037124123969205607 0.140220823129946 0.06583035610254676 0.06583035610254676 0.06583035610254676 0.06583035610254676 0.06583035610254676 
0.21485845765650222 0.2960493076164055 0.22906597515930202 0.03714660850968432 0.03714660850968432 0.03714660850968432 0.03714660850968432 0.03714660850968432 0.03714660850968432 0.03714660850968432 
0.08601334032313988 0.31985100804281724 0.0018982087521493209 0.1955166298182748 0.14263146812003868 0.05081786898871603 0.05081786898871603 0.05081786898871603 0.05081786898871603 0.05081786898871603 
0.174055192498329 0.2209314932287016 0.10385716575805112 0.24185324041146491 0.04321715135057552 0.04321715135057552 0.04321715135057552 0.04321715135057552 0.04321715135057552 0.04321715135057552 
0.1752590949567864 0.10224663571465394 0.09719299951634064 0.16991066005584607 0.3183399858548185 0.027410124780310807 0.027410124780310807 0.027410124780310807 0.027410124780310807 0.027410124780310807 


0.31213276711935994 0.04641510423327311 0.2637453130965813 0.005097851919187952 0.25589696172469717 0.023342400381380125 0.023342400381380125 0.023342400381380125 0.023342400381380125 0.023342400381380125 
0.24685861279136517 0.10019417923487227 0.10428984818867355 0.3060310706341914 0.04043771485848298 0.04043771485848298 0.04043771485848298 0.04043771485848298 0.04043771485848298 0.04043771485848298 
0.09772598145593538 0.31502359010236153 0.18568269520070588 0.2721107020212142 0.021576171869963807 0.021576171869963807 0.021576171869963807 0.021576171869963807 0.021576171869963807 0.021576171869963807 
0.008002275253504313 0.3227388651694269 0.28383056501999343 0.08960009413368279 0.04930470007056542 0.04930470007056542 0.04930470007056542 0.04930470007056542 0.04930470007056542 0.04930470007056542 
0.2292416783610351 0.26803021648254693 0.31396923247972774 0.026965553239527106 0.026965553239527106 0.026965553239527106 0.026965553239527106 0.026965553239527106 0.026965553239527106 0.026965553239527106 
0.18001718047527973 0.04844587372084125 0.330620386910915 0.007208331151402462 0.0880082724326087 0.1496482405465647 0.0490129286905971 0.0490129286905971 0.0490129286905971 0.0490129286905971 
0.2996527628184108 0.046163682392159955 0.30325849999451565 0.10790999450569268 0.04050251004820349 0.04050251004820349 0.04050251004820349 0.04050251004820349 0.04050251004820349 0.04050251004820349 
0.12296022931739738 0.11580132671790412 0.08694923525895541 0.15978224508788716 0.13578538962290784 0.30420971917179734 0.01862796370578764 0.01862796370578764 0.01862796370578764 0.01862796370578764 
0.25906754420255623 0.17028478960207882 0.18549479937001234 0.2391568759355126 0.02433266514830666 0.02433266514830666 0.02433266514830666 0.02433266514830666 0.02433266514830666 0.02433266514830666 
0.1887842435643048 0.20542995588522067 0.07308328453838094 0.22588086590536782 0.05113694168445434 0.05113694168445434 0.05113694168445434 0.05113694168445434 0.05113694168445434 0.05113694168445434 


0.059128122909710555 0.24233804987755134 0.10921863761906836 0.2548650844555179 0.19297091875345543 0.028295837276939267 0.028295837276939267 0.028295837276939267 0.028295837276939267 0.028295837276939267 
0.24058062238706088 0.2668971306465537 0.1797491255662753 0.04468187448573002 0.04468187448573002 0.04468187448573002 0.04468187448573002 0.04468187448573002 0.04468187448573002 0.04468187448573002 
0.19673942233694752 0.16103370032699893 0.21669397738586596 0.31063440857484476 0.019149748562557165 0.019149748562557165 0.019149748562557165 0.019149748562557165 0.019149748562557165 0.019149748562557165 
0.024169808299603357 0.18303741128380854 0.09932110593017107 0.02999421097689085 0.1920668489877985 0.04393336156827606 0.30005846531629154 0.04247292921238671 0.04247292921238671 0.04247292921238671 
0.07717521712453469 0.04480955151352992 0.23942893204104432 0.21602388145355841 0.014102587840980002 0.28585482896019526 0.030651250266539316 0.030651250266539316 0.030651250266539316 0.030651250266539316 
0.2752696691635556 0.23836661807130055 0.0049472968746802435 0.13976811316063745 0.22870040434871855 0.0225895796762215 0.0225895796762215 0.0225895796762215 0.0225895796762215 0.0225895796762215 
0.09051423603527488 0.27214128942966104 0.16977432179844462 0.04483567575091183 0.09833448358651888 0.06487999867983776 0.06487999867983776 0.06487999867983776 0.06487999867983776 0.06487999867983776 
0.01466268271617256 0.25255123366315296 0.17506045206106308 0.30473147975906006 0.04216569196675854 0.04216569196675854 0.04216569196675854 0.04216569196675854 0.04216569196675854 0.04216569196675854 
0.23142610240011918 0.2470805212439119 0.13718138932884463 0.005725692358705185 0.30907886634766485 0.013901485664150882 0.013901485664150882 0.013901485664150882 0.013901485664150882 0.013901485664150882 
0.04394102786359207 0.20389837800257227 0.2176782482290851 0.07570848785467206 0.2063711388013879 0.050480543849738116 0.050480543849738116 0.050480543849738116 0.050480543849738116 0.050480543849738116 


0.1328740770234509 0.22306432605469528 0.04137404780618442 0.1279164564892644 0.31456908022135893 0.03204040248100918 0.03204040248100918 0.03204040248100918 0.03204040248100918 0.03204040248100918 
0.17303184908633085 0.13415034557321823 0.28065164274110355 0.12220602134631502 0.04832669020883872 0.04832669020883872 0.04832669020883872 0.04832669020883872 0.04832669020883872 0.04832669020883872 
0.26833604288366636 0.2629196621660581 0.15512844155268024 0.04480226477108505 0.04480226477108505 0.04480226477108505 0.04480226477108505 0.04480226477108505 0.04480226477108505 0.04480226477108505 
0.08135267179763464 0.29164153430604617 0.29838755063458705 0.046945463323104605 0.046945463323104605 0.046945463323104605 0.046945463323104605 0.046945463323104605 0.046945463323104605 0.046945463323104605 
0.19326947167020042 0.273395125244469 0.20952254061427267 0.04625898035300832 0.04625898035300832 0.04625898035300832 0.04625898035300832 0.04625898035300832 0.04625898035300832 0.04625898035300832 
0.11716974395484143 0.2881072583700916 0.06768627177213385 0.11977614498003204 0.23096495370674625 0.035259125443231 0.035259125443231 0.035259125443231 0.035259125443231 0.035259125443231 
0.1390103143894106 0.30776954020005837 0.21266756629370118 0.0839104018155678 0.04277369621687701 0.04277369621687701 0.04277369621687701 0.04277369621687701 0.04277369621687701 0.04277369621687701 
0.018128675481495327 0.2751254873240679 0.11657454184968852 0.02277953104996311 0.17983969409624115 0.2574586188706126 0.03252336283198287 0.03252336283198287 0.03252336283198287 0.03252336283198287 
0.1499145311484655 0.05060322641871934 0.13259349505342644 0.318628403614541 0.22968285128200033 0.02371549849656944 0.02371549849656944 0.02371549849656944 0.02371549849656944 0.02371549849656944 
0.15730678516002494 0.2314156961001673 0.12121971402688722 0.24380584706160185 0.041041992941886415 0.041041992941886415 0.041041992941886415 0.041041992941886415 0.041041992941886415 0.041041992941886415 


Distribution for B
++++++++++++++++++++

Unigram
0.2712968455020814 0.2864967785864347 0.21436564876547062 0.03254867530657332 0.03254867530657332 0.03254867530657332 0.03254867530657332 0.03254867530657332 0.03254867530657332 0.03254867530657332 
Bigram
0.31833196929312246 0.005268219720743442 0.2570943164171689 0.1639899742142928 0.04255258672577872 0.04255258672577872 0.04255258672577872 0.04255258672577872 0.04255258672577872 0.04255258672577872 
0.08752161379642485 0.025150641111861664 0.2675244869506989 0.2256674684211717 0.06483467218418525 0.06586022350713158 0.06586022350713158 0.06586022350713158 0.06586022350713158 0.06586022350713158 
0.22555219572998253 0.022333050770357944 0.26562865847873496 0.21564089381596505 0.045140866867493225 0.045140866867493225 0.045140866867493225 0.045140866867493225 0.045140866867493225 0.045140866867493225 
0.3312112831811856 0.06127444402588476 0.0772497465444119 0.3285199838934611 0.033624090392509416 0.033624090392509416 0.033624090392509416 0.033624090392509416 0.033624090392509416 0.033624090392509416 
0.06363252088630462 0.05723233227276255 0.2462462445289507 0.013628141520144466 0.32124987287244006 0.0596021775838795 0.0596021775838795 0.0596021775838795 0.0596021775838795 0.0596021775838795 
0.2528360297280366 0.32138526827011965 0.24709824587068738 0.02552577944730806 0.02552577944730806 0.02552577944730806 0.02552577944730806 0.02552577944730806 0.02552577944730806 0.02552577944730806 
0.1636697608147889 0.2451714257000856 0.09191846616708181 0.02353286902634701 0.20986025188665688 0.053169445281007914 0.053169445281007914 0.053169445281007914 0.053169445281007914 0.053169445281007914 
0.04637913284439689 0.1495365929796595 0.10978658139513654 0.24406305484403162 0.0937951556893186 0.0871589588579235 0.0673201308473833 0.0673201308473833 0.0673201308473833 0.0673201308473833 
0.15498496571830603 0.31658041352816646 0.23241469258756112 0.04228856116656664 0.04228856116656664 0.04228856116656664 0.04228856116656664 0.04228856116656664 0.04228856116656664 0.04228856116656664 
0.3051347878446026 0.11004822113478765 0.04123682515004777 0.2641738390828695 0.0465677211312821 0.0465677211312821 0.0465677211312821 0.0465677211312821 0.0465677211312821 0.0465677211312821 

Trigram
0.30386457556858143 0.11628623292759106 0.21230687866381726 0.10445840022546045 0.04384731876909164 0.04384731876909164 0.04384731876909164 0.04384731876909164 0.04384731876909164 0.04384731876909164 
0.02561946241215542 0.032644910269029506 0.18172595354965357 0.33300713156388645 0.11456636293920001 0.06248723585321499 0.06248723585321499 0.06248723585321499 0.06248723585321499 0.06248723585321499 
0.17461562217703908 0.09547514923001481 0.012938774198627656 0.3152488474587766 0.02891765403581122 0.31560679429408606 0.014299289651411154 0.014299289651411154 0.014299289651411154 0.014299289651411154 
0.08538396255695206 0.16411269575047005 0.04099599012064649 0.23100046129246027 0.16310906047263352 0.06307956596136748 0.06307956596136748 0.06307956596136748 0.06307956596136748 0.06307956596136748 
0.3188844222322449 0.28858494747823826 0.18854469430998577 0.029140847997075916 0.029140847997075916 0.029140847997075916 0.029140847997075916 0.029140847997075916 0.029140847997075916 0.029140847997075916 
0.0738787158766372 0.3058188872794992 0.0699076597536477 0.2380877316538501 0.05205116757272761 0.05205116757272761 0.05205116757272761 0.05205116757272761 0.05205116757272761 0.05205116757272761 
0.33172918714244554 0.05340961851473014 0.24723760674726683 0.2674877128448891 0.01668931245844475 0.01668931245844475 0.01668931245844475 0.01668931245844475 0.01668931245844475 0.01668931245844475 
0.2339330967870683 0.17557221840993473 0.06892826208137375 0.10498691430329547 0.08098388242876593 0.31563980543392556 0.004988955138909068 0.004988955138909068 0.004988955138909068 0.004988955138909068 
0.09201813456515721 0.07649583470254855 0.1466752081382773 0.3096608000154053 0.0021793133929244304 0.23916965205169194 0.03345026428349884 0.03345026428349884 0.03345026428349884 0.03345026428349884 
0.19037610732623722 0.08996374874231809 0.17522829222035555 0.06347988173781889 0.15392617940960987 0.06540515811273209 0.06540515811273209 0.06540515811273209 0.06540515811273209 0.06540515811273209 


0.329399967398236 0.07414579785775686 0.04085133023770647 0.28031035522620523 0.045882091546682595 0.045882091546682595 0.045882091546682595 0.045882091546682595 0.045882091546682595 0.045882091546682595 
0.21380326536378816 0.07658804090936273 0.05635826545477326 0.23819281744577903 0.17556159899954282 0.04789920236535079 0.04789920236535079 0.04789920236535079 0.04789920236535079 0.04789920236535079 
0.2653927032485742 0.29731933071346256 0.06585188647917843 0.1835271901049179 0.03131814824231112 0.03131814824231112 0.03131814824231112 0.03131814824231112 0.03131814824231112 0.03131814824231112 
0.210350169385718 0.23051642985543028 0.2781641338903883 0.04013846669549474 0.04013846669549474 0.04013846669549474 0.04013846669549474 0.04013846669549474 0.04013846669549474 0.04013846669549474 
0.1804347086251647 0.24598198047646894 0.24383577753473767 0.04710679048051844 0.04710679048051844 0.04710679048051844 0.04710679048051844 0.04710679048051844 0.04710679048051844 0.04710679048051844 
0.1839626654047099 0.30330351349098 0.25700775864502295 0.03653229463704106 0.03653229463704106 0.03653229463704106 0.03653229463704106 0.03653229463704106 0.03653229463704106 0.03653229463704106 
0.26953217143602076 0.2002408983173918 0.29721546907602175 0.033287351595795094 0.033287351595795094 0.033287351595795094 0.033287351595795094 0.033287351595795094 0.033287351595795094 0.033287351595795094 
0.2318689212372973 0.25687523343773866 0.29282292951344857 0.031204702258787968 0.031204702258787968 0.031204702258787968 0.031204702258787968 0.031204702258787968 0.031204702258787968 0.031204702258787968 
0.25726549710933516 0.2513098628710914 0.07204253026244226 0.2971478844935999 0.020372370877255245 0.020372370877255245 0.020372370877255245 0.020372370877255245 0.020372370877255245 0.020372370877255245 
0.017329630870227514 0.18098258520615973 0.1557043392875537 0.289487989930661 0.2562534364978781 0.02004840364150401 0.02004840364150401 0.02004840364150401 0.02004840364150401 0.02004840364150401 


0.0217001100347583 0.12783475643268424 0.05487523489012719 0.18554182165382804 0.1732079980112434 0.2792252649703311 0.039403703501756863 0.039403703501756863 0.039403703501756863 0.039403703501756863 
0.19836400388415376 0.2600174187890262 0.3279236244369688 0.030527850412835893 0.030527850412835893 0.030527850412835893 0.030527850412835893 0.030527850412835893 0.030527850412835893 0.030527850412835893 
0.27394033436674603 0.10394003644795737 0.012568602548612117 0.33224890792854495 0.0462170197846899 0.0462170197846899 0.0462170197846899 0.0462170197846899 0.0462170197846899 0.0462170197846899 
0.2899748150635136 0.27331533181968 0.23506122966228132 0.028806946207789286 0.028806946207789286 0.028806946207789286 0.028806946207789286 0.028806946207789286 0.028806946207789286 0.028806946207789286 
0.09849023972126225 0.07269310015398263 0.2294491410160812 0.14811817494076274 0.06148901067747614 0.3337446260364505 0.014003926863496136 0.014003926863496136 0.014003926863496136 0.014003926863496136 
0.09326951692796581 0.1828104467520672 0.25206236763386847 0.3158584698306999 0.0259998664758997 0.0259998664758997 0.0259998664758997 0.0259998664758997 0.0259998664758997 0.0259998664758997 
0.02612770065967494 0.029183999221673567 0.15820485975945786 0.23753629236325982 0.2611985841675759 0.0575497127656716 0.0575497127656716 0.0575497127656716 0.0575497127656716 0.0575497127656716 
0.3068866515733955 0.23628685820010673 0.19826693507213589 0.03693707930776596 0.03693707930776596 0.03693707930776596 0.03693707930776596 0.03693707930776596 0.03693707930776596 0.03693707930776596 
0.21105529038952064 0.05950459461091486 0.2872908019439511 0.29080620289913645 0.02522385169274618 0.02522385169274618 0.02522385169274618 0.02522385169274618 0.02522385169274618 0.02522385169274618 
0.06307745228004893 0.26345874374625305 0.295566465767533 0.1757202798801715 0.03369617638766561 0.03369617638766561 0.03369617638766561 0.03369617638766561 0.03369617638766561 0.03369617638766561 


0.023460915582471095 0.16442239867059827 0.06522541421063742 0.19749154036029876 0.2416662689125728 0.06154669245268437 0.06154669245268437 0.06154669245268437 0.06154669245268437 0.06154669245268437 
0.17798644947292938 0.27070145802136264 0.1910918680076502 0.29196818702612404 0.011375339578655604 0.011375339578655604 0.011375339578655604 0.011375339578655604 0.011375339578655604 0.011375339578655604 
0.017688321762405906 0.06845822750880615 0.2554725480617215 0.3176412843674123 0.2477911276629974 0.018589698127331362 0.018589698127331362 0.018589698127331362 0.018589698127331362 0.018589698127331362 
0.0067501598379391394 0.002790832432572498 0.2264637694886742 0.3102296051116924 0.15846826477347312 0.059059473671129736 0.059059473671129736 0.059059473671129736 0.059059473671129736 0.059059473671129736 
0.19061874204568338 0.060446142165167895 0.20057764378761242 0.047233549695588316 0.21738018009418855 0.05674874844235187 0.05674874844235187 0.05674874844235187 0.05674874844235187 0.05674874844235187 
0.13084732677923516 0.0014472453491453088 0.10045068353144308 0.017938643155261464 0.04016039132599358 0.15683659208052061 0.18124624486543375 0.1201378489446963 0.1254675119841354 0.1254675119841354 
0.12262448113784427 0.08312213225276185 0.2502987316365517 0.23696446159344817 0.051165032229899 0.051165032229899 0.051165032229899 0.051165032229899 0.051165032229899 0.051165032229899 
0.26427096615027695 0.320845552775758 0.29599000245823837 0.016984782659389585 0.016984782659389585 0.016984782659389585 0.016984782659389585 0.016984782659389585 0.016984782659389585 0.016984782659389585 
0.2957334513479865 0.2891808773182919 0.31115318702603084 0.014847497758241505 0.014847497758241505 0.014847497758241505 0.014847497758241505 0.014847497758241505 0.014847497758241505 0.014847497758241505 
0.2979534224584333 0.3209676442148198 0.03226438727322905 0.1564600478290503 0.03205908303741128 0.03205908303741128 0.03205908303741128 0.03205908303741128 0.03205908303741128 0.03205908303741128 


0.05112710674734888 0.23269930626626958 0.020837904522830294 0.2816376079906058 0.19792480390753456 0.04315465411308224 0.04315465411308224 0.04315465411308224 0.04315465411308224 0.04315465411308224 
0.2000228026240995 0.22345867787776696 0.14224370503209974 0.3269187003808297 0.017892685680867385 0.017892685680867385 0.017892685680867385 0.017892685680867385 0.017892685680867385 0.017892685680867385 
0.031048180233973804 0.1398864066203221 0.034194983689601 0.14578466565393855 0.27689418969452595 0.20701756682271524 0.04129350182123089 0.04129350182123089 0.04129350182123089 0.04129350182123089 
0.15194665302650157 0.008122601473938507 0.23411310045064715 0.1143554517093095 0.10795484110791916 0.20467962634939552 0.044706931470572156 0.044706931470572156 0.044706931470572156 0.044706931470572156 
0.04262618302913631 0.017664848199642535 0.026772692795067776 0.19026569805097038 0.3250394051706906 0.015338445612059437 0.24406943157460267 0.046074431855943426 0.046074431855943426 0.046074431855943426 
0.06178168655546198 0.19271253886981232 0.00859633199112179 0.040938387683516764 0.32505273400562124 0.02252070840181042 0.19499194069766154 0.05113522393166465 0.05113522393166465 0.05113522393166465 
0.08493973769379874 0.3307048497306522 0.30063314987610795 0.04053175181420588 0.04053175181420588 0.04053175181420588 0.04053175181420588 0.04053175181420588 0.04053175181420588 0.04053175181420588 
0.04496478046235297 0.2481752029908425 0.10121607929407327 0.2715264083252204 0.05568625482125185 0.05568625482125185 0.05568625482125185 0.05568625482125185 0.05568625482125185 0.05568625482125185 
0.04506792892043793 0.008386223565065376 0.15316400686039558 0.2116934845210741 0.2062713281305847 0.2861525197651864 0.022316127059314038 0.022316127059314038 0.022316127059314038 0.022316127059314038 
0.11443360702924484 0.20509849596338234 0.028407384149802446 0.22498562832617688 0.18464033746464759 0.04848690941334917 0.04848690941334917 0.04848690941334917 0.04848690941334917 0.04848690941334917 


0.06536192561412413 0.040623854208162356 0.33176984942631854 0.31620888673776865 0.04100591400227104 0.04100591400227104 0.04100591400227104 0.04100591400227104 0.04100591400227104 0.04100591400227104 
0.32784150360370806 0.284457497026749 0.28565958546830333 0.014577344843034244 0.014577344843034244 0.014577344843034244 0.014577344843034244 0.014577344843034244 0.014577344843034244 0.014577344843034244 
0.0438816889949535 0.047178200232105776 0.05452709866102791 0.2065764610733838 0.016564778111319334 0.11503971886155241 0.16004220097726407 0.01668921698740327 0.10964850792476505 0.22985212817622502 
0.15239819252836248 0.2390337447431454 0.1874475966734901 0.1440001004779 0.04618672759618364 0.04618672759618364 0.04618672759618364 0.04618672759618364 0.04618672759618364 0.04618672759618364 
0.2173735912491228 0.02286061063396168 0.2332069104722252 0.15834415025350992 0.013758696249760633 0.19076974882556855 0.040921573078962804 0.040921573078962804 0.040921573078962804 0.040921573078962804 
0.07581651896813911 0.20484112444699046 0.1671947518715397 0.10477513522324929 0.1401950083048851 0.06143549223703931 0.06143549223703931 0.06143549223703931 0.06143549223703931 0.06143549223703931 
0.2516904373884609 0.1258338422493125 0.27437583563665496 0.10416319575790613 0.04065611482794421 0.04065611482794421 0.04065611482794421 0.04065611482794421 0.04065611482794421 0.04065611482794421 
0.14647544182202746 0.1301198487723418 0.21330284019133003 0.23563659197214196 0.045744212873693124 0.045744212873693124 0.045744212873693124 0.045744212873693124 0.045744212873693124 0.045744212873693124 
0.03110307969100486 0.08445572845385081 0.07161317433095778 0.2856632004831104 0.1542670535216091 0.013144330770825663 0.2808806813811621 0.02629091712249308 0.02629091712249308 0.02629091712249308 
0.17411356367348696 0.06787387012917247 0.10196220119921752 0.17400871061844367 0.13284704795367486 0.19917480354677403 0.0375049507198076 0.0375049507198076 0.0375049507198076 0.0375049507198076 


0.3004511311491958 0.11355878911020671 0.17474610046557276 0.26461720792677684 0.02443779522470795 0.02443779522470795 0.02443779522470795 0.02443779522470795 0.02443779522470795 0.02443779522470795 
0.2595598185318812 0.32336409000489386 0.24392914125021237 0.024735278601858906 0.024735278601858906 0.024735278601858906 0.024735278601858906 0.024735278601858906 0.024735278601858906 0.024735278601858906 
0.08431252582295208 0.019866633878415658 0.1981247737746098 0.1293018088657362 0.23568656063929402 0.06654153940379844 0.06654153940379844 0.06654153940379844 0.06654153940379844 0.06654153940379844 
0.1798130378090223 0.2154861589634171 0.14364838072674527 0.14821039436359068 0.052140338022870825 0.052140338022870825 0.052140338022870825 0.052140338022870825 0.052140338022870825 0.052140338022870825 
0.1998029066216542 0.1851291816924222 0.06306874643024352 0.22979714921281225 0.05370033600714463 0.05370033600714463 0.05370033600714463 0.05370033600714463 0.05370033600714463 0.05370033600714463 
0.26926731517354674 0.2597267455279016 0.18002144919379634 0.04156921287210791 0.04156921287210791 0.04156921287210791 0.04156921287210791 0.04156921287210791 0.04156921287210791 0.04156921287210791 
0.23540174919837287 0.3033519906174679 0.25652760779225275 0.02924552177027233 0.02924552177027233 0.02924552177027233 0.02924552177027233 0.02924552177027233 0.02924552177027233 0.02924552177027233 
0.32890885273822124 0.23446202226686422 0.10881890077733096 0.04683003203108337 0.04683003203108337 0.04683003203108337 0.04683003203108337 0.04683003203108337 0.04683003203108337 0.04683003203108337 
0.1612662950621757 0.054957777819657126 0.06785259527990462 0.24129108429954294 0.24158450763072073 0.04660954798159977 0.04660954798159977 0.04660954798159977 0.04660954798159977 0.04660954798159977 
0.21150796853408024 0.17364114132305322 0.003492464634444499 0.19624764601423558 0.1762168631284026 0.04777878327315677 0.04777878327315677 0.04777878327315677 0.04777878327315677 0.04777878327315677 


0.17480274362820603 0.30030818250938235 0.2188956837476465 0.0437133414449665 0.0437133414449665 0.0437133414449665 0.0437133414449665 0.0437133414449665 0.0437133414449665 0.0437133414449665 
0.06702466651720361 0.29996271586710577 0.26583808063327974 0.06520646288613281 0.05032801234937974 0.05032801234937974 0.05032801234937974 0.05032801234937974 0.05032801234937974 0.05032801234937974 
0.2037676805612764 0.1406511548924322 0.04899110122562258 0.2646841805525818 0.017566991878288644 0.06486777817795972 0.06486777817795972 0.06486777817795972 0.06486777817795972 0.06486777817795972 
0.04776419237034938 0.1426999625503301 0.031509482592151875 0.27109476596690024 0.24588662036997214 0.052208995230059244 0.052208995230059244 0.052208995230059244 0.052208995230059244 0.052208995230059244 
0.32093306012893513 0.29416375682939705 0.1534372678685165 0.033066559310450175 0.033066559310450175 0.033066559310450175 0.033066559310450175 0.033066559310450175 0.033066559310450175 0.033066559310450175 
0.05855256457425105 0.06885870179649896 0.28647161671196253 0.32939182849894694 0.04278754806972345 0.04278754806972345 0.04278754806972345 0.04278754806972345 0.04278754806972345 0.04278754806972345 
0.044600834179299956 0.11961700998665178 0.008968351425933897 0.3269990465833858 0.026714240502676175 0.30942892772145175 0.04091789740015014 0.04091789740015014 0.04091789740015014 0.04091789740015014 
0.32017867138926553 0.2630012953893041 0.2515875559447604 0.023604639610952865 0.023604639610952865 0.023604639610952865 0.023604639610952865 0.023604639610952865 0.023604639610952865 0.023604639610952865 
0.23811038731824472 0.09927267944423347 0.17611459932320825 0.25557894882076965 0.038487230848923956 0.038487230848923956 0.038487230848923956 0.038487230848923956 0.038487230848923956 0.038487230848923956 
0.24820816939815815 0.02708359984769726 0.3177646869530483 0.18630030023967148 0.03677387392690413 0.03677387392690413 0.03677387392690413 0.03677387392690413 0.03677387392690413 0.03677387392690413 


0.2638656490982312 0.1020884167615971 0.01693910592124324 0.24633274151776913 0.33204729858696963 0.007745357622837979 0.007745357622837979 0.007745357622837979 0.007745357622837979 0.007745357622837979 
0.012823150618115326 0.30991839295593976 0.2390885152097835 0.2225727918189389 0.03593285823287046 0.03593285823287046 0.03593285823287046 0.03593285823287046 0.03593285823287046 0.03593285823287046 
0.2922129179980945 0.24653832749669857 0.02053916163881553 0.09488235657318433 0.1299161760489006 0.04318221204886128 0.04318221204886128 0.04318221204886128 0.04318221204886128 0.04318221204886128 
0.24567470838569086 0.024958897672461733 0.0735414853671897 0.23185808401427888 0.17652430198811134 0.049488504514453496 0.049488504514453496 0.049488504514453496 0.049488504514453496 0.049488504514453496 
0.020946463652244268 0.13063150162770593 0.11314483999520689 0.0192917796417559 0.32332518985535885 0.12156499225065372 0.06777380824426867 0.06777380824426867 0.06777380824426867 0.06777380824426867 
0.333985824937148 0.33171614352606393 0.04178725394209856 0.04178725394209856 0.04178725394209856 0.04178725394209856 0.04178725394209856 0.04178725394209856 0.04178725394209856 0.04178725394209856 
0.20842565465465032 0.0595922769128754 0.30622352023222527 0.0013913881793791263 0.09006987624931848 0.0668594567543103 0.0668594567543103 0.0668594567543103 0.0668594567543103 0.0668594567543103 
0.2418636616115141 0.27638060674939097 0.18216646201973732 0.04279846708847966 0.04279846708847966 0.04279846708847966 0.04279846708847966 0.04279846708847966 0.04279846708847966 0.04279846708847966 
0.12021656897037265 0.28165582487625473 0.2596967831689188 0.1463371586136074 0.03201561072847443 0.03201561072847443 0.03201561072847443 0.03201561072847443 0.03201561072847443 0.03201561072847443 
0.17797828253720918 0.08540098040857615 0.16700849451400432 0.04693541240805508 0.2876870348726143 0.046997959051908206 0.046997959051908206 0.046997959051908206 0.046997959051908206 0.046997959051908206 


0.22437101074820606 0.24246882502786557 0.009111303913986069 0.01702697672766366 0.055964516462044665 0.05136614037786676 0.15782263623328097 0.08062286350302876 0.08062286350302876 0.08062286350302876 
0.0767486820300679 0.13249675254320503 0.2522407359349128 0.23995116953209839 0.04976044332661931 0.04976044332661931 0.04976044332661931 0.04976044332661931 0.04976044332661931 0.04976044332661931 
0.32515225707501316 0.20045043525684092 0.06249214794368986 0.0021853480687527896 0.2735294896885711 0.0272380643934264 0.0272380643934264 0.0272380643934264 0.0272380643934264 0.0272380643934264 
0.1663692550843303 0.1040814483603767 0.04587305880006742 0.06671739624107793 0.2331141211612031 0.08391896975926583 0.07498143764841966 0.07498143764841966 0.07498143764841966 0.07498143764841966 
0.26988795753824596 0.012468162291367326 0.27301534658697 0.04784415394385516 0.029996421000297 0.3031702137145205 0.01590443623118603 0.01590443623118603 0.01590443623118603 0.01590443623118603 
0.1851909659740735 0.02738448049129431 0.13362629721828453 0.07882270468896561 0.28865663980422857 0.057263782364630714 0.057263782364630714 0.057263782364630714 0.057263782364630714 0.057263782364630714 
0.009912917060351134 0.1132440664190304 0.3058413794171619 0.19853046462481397 0.28569460760409426 0.017355312974909665 0.017355312974909665 0.017355312974909665 0.017355312974909665 0.017355312974909665 
0.3232215349545089 0.06726218234663214 0.19492220308041075 0.21356492368523516 0.033504859322202186 0.033504859322202186 0.033504859322202186 0.033504859322202186 0.033504859322202186 0.033504859322202186 
0.2536879024776101 0.020377984074870886 0.09218640127819636 0.199931344895553 0.21317509926249562 0.04412825360225484 0.04412825360225484 0.04412825360225484 0.04412825360225484 0.04412825360225484 
0.11643409282714276 0.21120337958246468 0.009013858568897998 0.03783355132467449 0.0653447733932386 0.07811074860501271 0.008341908039961238 0.138953257993126 0.23377559020598096 0.10098883945950053 


