Summary for 
Statistics_3.txt++++++++++++++++++++++++++++++++

For dataset A, the majority is :A

Accuracy with majority is : 0.139


For dataset B, the majority is :A

Accuracy with majority is : 0.173


Distribution for A

++++++++++++++++++++


Unigram

0.22219836822363562 0.005704195797107435 0.05084157056802397 0.1378180724288222 0.15428603281756864 0.030178784644236768 0.20846472196820268 0.0635027511841341 0.0635027511841341 0.0635027511841341 
Bigram

0.23281534522734806 0.1652675339591376 0.07461750472773761 0.0036187212439800324 0.1688910852853723 0.13351290526728518 0.05531922607228484 0.05531922607228484 0.05531922607228484 0.05531922607228484 
0.11471112562553216 0.03125519597757702 0.1003837041017137 0.12193849748898879 0.15281252821886618 0.13942687218740066 0.1790120843183809 0.05348666402718021 0.05348666402718021 0.05348666402718021 
0.05750710993319641 0.21914326016421276 0.17248627340281408 0.03520479307802346 0.1651360518599791 0.12286646902507953 0.056914010634173645 0.056914010634173645 0.056914010634173645 0.056914010634173645 
0.08018696685769677 0.18481004263098746 0.24790094722833955 0.18238454985812724 0.04419320545677572 0.08370817131648306 0.04420402916289752 0.04420402916289752 0.04420402916289752 0.04420402916289752 
0.05271750361316814 0.048911978883255644 0.02583294713266353 0.07947701492447544 0.11803953465990823 0.1625075499695943 0.02881833141324271 0.2050376432561076 0.019958634965288092 0.2586988611822964 
0.056580649676662854 0.23359550772526463 0.20264285371941473 0.10150766509919867 0.05350399466744966 0.1871752885449774 0.04124851014175797 0.04124851014175797 0.04124851014175797 0.04124851014175797 
0.24760884798463556 0.1173485399707605 0.20142228733258558 0.16270217608361784 0.04455755648482145 0.04527211842871586 0.04527211842871586 0.04527211842871586 0.04527211842871586 0.04527211842871586 
0.14646860243339102 0.09887392667543943 0.02986255326761606 0.13489377085993412 0.19945275341565077 0.16945196064448179 0.055249108175871635 0.055249108175871635 0.055249108175871635 0.055249108175871635 
0.2148987107378116 0.07627834655307686 0.07701421625588017 0.11735072926143228 0.2310821851286684 0.12245813255971408 0.04022941987585423 0.04022941987585423 0.04022941987585423 0.04022941987585423 
0.0030107281346175843 0.21487143168176945 0.16575742336466623 0.23880609866483113 0.10117005679560442 0.24697998397841275 0.007351069345024594 0.007351069345024594 0.007351069345024594 0.007351069345024594 

Trigram
0.0771137173364049 0.11509918804143376 0.2241618062900165 0.1345972166849968 0.04427454500309835 0.10526757519654165 0.04517436771165534 0.2413350405188495 0.006488271608501586 0.006488271608501586 
0.1650771192029727 0.13075809545985945 0.14667464638873418 0.13791871887706328 0.07130219090132009 0.20114083978944483 0.03678209734515144 0.03678209734515144 0.03678209734515144 0.03678209734515144 
0.10681708400278497 0.22519427478409745 0.17955371549912483 0.20256106092367435 0.14821754698977163 0.027531263560109306 0.027531263560109306 0.027531263560109306 0.027531263560109306 0.027531263560109306 
0.217202960721823 0.09564990363178752 0.03173823837910871 0.18686797980836256 0.047182681266174746 0.24222092342486876 0.04478432819196871 0.04478432819196871 0.04478432819196871 0.04478432819196871 
0.08098015133340736 0.1390658795521949 0.013080686784325113 0.018901869405744842 0.21957000915474165 0.21926067351579423 0.13093284871337596 0.05940262718013863 0.05940262718013863 0.05940262718013863 
0.18077968484877513 0.18730876047383657 0.06028698549584341 0.1505624839674499 0.2457559066324161 0.03506123571633577 0.03506123571633577 0.03506123571633577 0.03506123571633577 0.03506123571633577 
0.24181067736128636 0.06923259969933682 0.0388263509206507 0.2166177133509757 0.1122678332849712 0.1904247482944382 0.03270501927208531 0.03270501927208531 0.03270501927208531 0.03270501927208531 
0.1445913100533137 0.11366819461770275 0.15959037556080474 0.04774890861722933 0.07003843579855146 0.22637984766888702 0.05949573192087776 0.05949573192087776 0.05949573192087776 0.05949573192087776 
0.07230204220985392 0.04187990619589094 0.14120154854219308 0.1233188656097676 0.19885873034066226 0.2509379175337189 0.0428752473919783 0.0428752473919783 0.0428752473919783 0.0428752473919783 
0.20646775500448433 0.0725422219606168 0.014741414178156392 0.06371256429144526 0.09986497234673183 0.13089306996591266 0.021160442574676953 0.19835171486851352 0.09613292240473106 0.09613292240473106 


0.06496068166855645 0.08357774560943779 0.11717553380057516 0.08905489646473766 0.18850363006873366 0.20236295877902266 0.20826829501958882 0.015365419529782653 0.015365419529782653 0.015365419529782653 
0.21794449246020142 0.21682927723218487 0.2441572688098847 0.24436636148762905 0.012783766668349983 0.012783766668349983 0.012783766668349983 0.012783766668349983 0.012783766668349983 0.012783766668349983 
0.24321519528423777 0.11337690566321214 0.13427269826767851 0.06620354509186803 0.2263507618332672 0.0433161787719473 0.0433161787719473 0.0433161787719473 0.0433161787719473 0.0433161787719473 
0.07217017732005564 0.02472849911970516 0.06414534236312096 0.16706416438391386 0.03737395872931577 0.060081506892389294 0.10099027019148323 0.08353040556882325 0.12486648335824983 0.26504919207294303 
0.22976968135532358 0.09501495658572223 0.21647096806208185 0.06267514147574049 0.05938094108574967 0.04895679880209374 0.1729388888618764 0.03826420792380408 0.03826420792380408 0.03826420792380408 
0.18975638806682774 0.1437260818415964 0.06337155189677282 0.05231348575881331 0.05678366481758987 0.02500885628990715 0.03383912847784262 0.09569931033633075 0.23418251984720576 0.1053190126671136 
0.18594020421396815 0.20574460038280412 0.21245166946162633 0.23126491776707644 0.027433101362420782 0.027433101362420782 0.027433101362420782 0.027433101362420782 0.027433101362420782 0.027433101362420782 
0.22267227857862482 0.046100777543270265 0.18107558302300203 0.0013853040462974077 0.21891270950603514 0.15816387632174572 0.04292236774525622 0.04292236774525622 0.04292236774525622 0.04292236774525622 
0.1281204657834525 0.15130317074885366 0.1641541124623645 0.2329773501776034 0.20134494458893845 0.024419991247757504 0.024419991247757504 0.024419991247757504 0.024419991247757504 0.024419991247757504 
0.10075825698706874 0.12492159694717515 0.150974490773322 0.13064877630767852 0.20316294494430723 0.2398028662255676 0.012432766953720174 0.012432766953720174 0.012432766953720174 0.012432766953720174 


0.0990045311866371 0.22172923724669216 0.02145088929215494 0.24034335036715426 0.05770970913131068 0.14193873836596 0.054455886102522735 0.054455886102522735 0.054455886102522735 0.054455886102522735 
0.24176784118656328 0.0786574917384048 0.009773100560100006 0.1145054067266463 0.1991489479568779 0.1910684958806305 0.041269678987694215 0.041269678987694215 0.041269678987694215 0.041269678987694215 
0.1460634467990869 0.1370487644095781 0.20012679774513928 0.046726663945279405 0.21393038986381932 0.1682115092518887 0.021973106996302103 0.021973106996302103 0.021973106996302103 0.021973106996302103 
0.23209466701337378 0.2305229478301255 0.18662300958656955 0.2392530748015996 0.018584383461388625 0.018584383461388625 0.018584383461388625 0.018584383461388625 0.018584383461388625 0.018584383461388625 
0.20417629574272092 0.153350401613721 0.14573281354712628 0.022029339898681388 0.10356004289920237 0.2230073445794983 0.037035940429762416 0.037035940429762416 0.037035940429762416 0.037035940429762416 
0.2048851932311467 0.21692569083793098 0.02444903302612551 0.03142500759492407 0.04933178382231647 0.15713148572130883 0.1667503270777454 0.04970049289616734 0.04970049289616734 0.04970049289616734 
0.005960634216227611 0.12889172445885788 0.042332107464717356 0.21260513947635654 0.22903060306385933 0.05357892948825346 0.05407234641598854 0.0018211892409392407 0.22485290189812476 0.046854424276675216 
0.07268491295143323 0.2153533334987284 0.13040575583189085 0.12714851689913567 0.07458131129589576 0.15835326632247038 0.05536822580011144 0.05536822580011144 0.05536822580011144 0.05536822580011144 
0.22354176414017943 0.02088117984655164 0.149982625033953 0.23264150267075537 0.021213979561091452 0.18466439349375377 0.041768638813428786 0.041768638813428786 0.041768638813428786 0.041768638813428786 
0.11684011020370269 0.11210053760923341 0.17452847765038446 0.14925165453382216 0.1849780341846949 0.14029692005445346 0.03050106644092721 0.03050106644092721 0.03050106644092721 0.03050106644092721 


0.14951231089842806 0.15515286527233343 0.2503531218044981 0.2236332517581295 0.036891408377768484 0.036891408377768484 0.036891408377768484 0.036891408377768484 0.036891408377768484 0.036891408377768484 
0.15513143611923044 0.1592097171794662 0.16127663848080226 0.025261231660201194 0.10501427533279001 0.08639180250149878 0.16289437876749918 0.04827350665283734 0.04827350665283734 0.04827350665283734 
0.0338847485610832 0.21026882797734317 0.12146792172685256 0.12190054013798607 0.2336720123284132 0.011175849572739982 0.13220869781889194 0.045140467292230035 0.045140467292230035 0.045140467292230035 
0.16514489556364528 0.10319253628387612 0.14533210181402892 0.17981787432711654 0.24339723828322332 0.03262307074562192 0.03262307074562192 0.03262307074562192 0.03262307074562192 0.03262307074562192 
0.22489619590260312 0.22713457809304555 0.18878309487306405 0.2126186803522439 0.02442790846317394 0.02442790846317394 0.02442790846317394 0.02442790846317394 0.02442790846317394 0.02442790846317394 
0.17662896222849483 0.19497055687324646 0.025416715389356 0.09461195760816105 0.1239691776217764 0.22163626833347136 0.04069159048637345 0.04069159048637345 0.04069159048637345 0.04069159048637345 
0.12414018055216675 0.14921378513324834 0.23255181491824617 0.15467656732401186 0.027428146993337038 0.0782240312491799 0.05844136845745251 0.05844136845745251 0.05844136845745251 0.05844136845745251 
0.22355128338934196 0.15774875043860503 0.21586039734045787 0.21769212073041996 0.030857908016862567 0.030857908016862567 0.030857908016862567 0.030857908016862567 0.030857908016862567 0.030857908016862567 
0.0769884819286741 0.19463758020225846 0.05643740938820181 0.11675962469093222 0.19425828959638955 0.23790975993641206 0.030752213564282965 0.030752213564282965 0.030752213564282965 0.030752213564282965 
0.11412320163169992 0.15784566671562467 0.13838520277890815 0.21583111462960233 0.040466395182321035 0.004271976433652263 0.10048820441701703 0.07619607940372485 0.07619607940372485 0.07619607940372485 


0.011699351439162509 0.09218442956382947 0.04179684873961667 0.1352149135826012 0.1050922513013326 0.07609683319189492 0.18974081332788922 0.17815770291890815 0.08500842796738262 0.08500842796738262 
0.13405022837169073 0.18186012587691897 0.027956895100876754 0.21989092997271376 0.07782133991565596 0.19963343707899986 0.03969676092078606 0.03969676092078606 0.03969676092078606 0.03969676092078606 
0.042672263728393556 0.062233145654758765 0.06241396812356134 0.15976562309746312 0.03806265095941183 0.03058627699245897 0.1860679795876102 0.22481721214771722 0.09669043985431242 0.09669043985431242 
0.13199925344121488 0.18798244772054165 0.010792628320329078 0.001731952777572109 0.15174896600115703 0.22936670762616435 0.21006469596920077 0.025437782714606748 0.025437782714606748 0.025437782714606748 
0.09766147959446125 0.23057467438739662 0.13425909811885098 0.024078802353447178 0.14222637958827733 0.1581802402401847 0.05325483142934546 0.05325483142934546 0.05325483142934546 0.05325483142934546 
0.05876632854656976 0.23585601719029253 0.0598917162105709 0.13543594008694693 0.21040257818210528 0.11255427393006792 0.04677328646336173 0.04677328646336173 0.04677328646336173 0.04677328646336173 
0.021998003190383142 0.12062088331820814 0.1131687075300642 0.23222273597381174 0.0921130133691877 0.18410974220515125 0.05894172860329844 0.05894172860329844 0.05894172860329844 0.05894172860329844 
0.14679974233643295 0.20298918852621162 0.09365948510851071 0.15617941096371504 0.17829387354291107 0.04441565990444373 0.04441565990444373 0.04441565990444373 0.04441565990444373 0.04441565990444373 
0.15931383133925603 0.223389036205926 0.061707474501951694 0.20129408035984733 0.0017529060217840223 0.01773915537617863 0.1405577116561614 0.06474860151296492 0.06474860151296492 0.06474860151296492 
0.17566413769432343 0.22973900584537563 0.022830994393829934 0.11511987895714512 0.1275485860510705 0.12695809827855717 0.050534824694924534 0.050534824694924534 0.050534824694924534 0.050534824694924534 


0.1857488010666059 0.17539513493308778 0.010691392089743328 0.015213092671213107 0.2337386663172053 0.24075112845597968 0.03461544611654123 0.03461544611654123 0.03461544611654123 0.03461544611654123 
0.24877594654152702 0.1642149086005929 0.018742548790000042 0.20751081841597396 0.11730133299886941 0.048690888930607294 0.048690888930607294 0.048690888930607294 0.048690888930607294 0.048690888930607294 
0.19145163471234058 0.10350939376873132 0.08121918706355351 0.02179816032833588 0.08931144835072714 0.2382159223358102 0.1911720926480581 0.027774053597481068 0.027774053597481068 0.027774053597481068 
0.0760358487574289 0.1695114835141431 0.19100532785563076 0.13577714587773634 0.05546160741860125 0.18249206178522892 0.0474291311978077 0.0474291311978077 0.0474291311978077 0.0474291311978077 
0.12062552318005912 0.21753084598898426 0.006290671786483792 0.20400342343344266 0.13652584047148708 0.18280001752505576 0.033055919403621806 0.033055919403621806 0.033055919403621806 0.033055919403621806 
0.13285827569388636 0.05940240970033483 0.03842409673661384 0.2359455523149095 0.2050291713457539 0.14041668657570625 0.04698095190819889 0.04698095190819889 0.04698095190819889 0.04698095190819889 
0.19338719388056858 0.16069410206419488 0.14539898850029517 0.1605894988990899 0.1373689354088875 0.04051225624939276 0.04051225624939276 0.04051225624939276 0.04051225624939276 0.04051225624939276 
0.22620405523167358 0.21920329641325675 0.1208991030569139 0.025026207347873593 0.0026702607046373886 0.041803666149201564 0.14928104260345657 0.0716374561643288 0.0716374561643288 0.0716374561643288 
0.24219358506961064 0.1640016243275622 0.09284742298699286 0.0829204394906157 0.24851188839113456 0.03390500794681676 0.03390500794681676 0.03390500794681676 0.03390500794681676 0.03390500794681676 
0.22015142593985648 0.013710362858457392 0.06114176970557514 0.1343659120060276 0.12900122531661046 0.24340641621612713 0.04955572198933643 0.04955572198933643 0.04955572198933643 0.04955572198933643 


0.05090843647633619 0.16610069104667163 0.01544509270210847 0.11091632716609504 0.14130561580991557 0.23883096204253693 0.10562940978936672 0.05695448832232325 0.05695448832232325 0.05695448832232325 
0.006570154430333402 0.10073017509829629 0.021697287165301254 0.19275228868651584 0.20751467027987397 0.2251024181301388 0.061408251552385114 0.061408251552385114 0.061408251552385114 0.061408251552385114 
0.2649057895454915 0.10003989233702679 0.02165539828018029 0.03137625063642311 0.07120239434417477 0.1395145004815511 0.04520065658519643 0.02873104991644327 0.031312036942438067 0.2660620309310748 
0.05061817550442437 0.16508225353559197 0.18233019024296468 0.21486297795571763 0.17012079295292354 0.04339712196167559 0.04339712196167559 0.04339712196167559 0.04339712196167559 0.04339712196167559 
0.02377438982739059 0.10617568354615613 0.1863673288930625 0.2357481951904425 0.04673172787699702 0.1193153587680366 0.053415071728580024 0.07615741472311158 0.07615741472311158 0.07615741472311158 
0.20073788293416372 0.022099579849350404 0.14328744971938187 0.050458465880261844 0.08455118057802533 0.05963375605291679 0.08131358496131874 0.08744145062184838 0.07940301253901427 0.19107363686371864 
0.18830172320349567 0.09822287120004086 0.20341636778780786 0.10347045687192433 0.2385402958040694 0.03360965702653236 0.03360965702653236 0.03360965702653236 0.03360965702653236 0.03360965702653236 
0.17498485554474835 0.13503541380625936 0.23639212050456912 0.24028944561633045 0.035549694088015435 0.035549694088015435 0.035549694088015435 0.035549694088015435 0.035549694088015435 0.035549694088015435 
0.23442674277859357 0.2136124755701421 0.2360336375008536 0.0515074427702592 0.11302896616048272 0.0302781470439338 0.0302781470439338 0.0302781470439338 0.0302781470439338 0.0302781470439338 
0.08277632626344777 0.19696316341224424 0.051323842071553084 0.23046731358806044 0.16250675587557042 0.10340699145065388 0.04313890183461749 0.04313890183461749 0.04313890183461749 0.04313890183461749 


0.09404362665693364 0.14491383587995382 0.06983291982316822 0.10279483492541175 0.02479040750228608 0.02033942048887207 0.098771990067922 0.15261429817737907 0.03338300419939579 0.25851566227867767 
0.014008120577484906 0.09263509657779725 0.040564665168382086 0.01959633727435342 0.2139866532912344 0.18351325822115336 0.16669590721841043 0.18148098803322635 0.04375948681897894 0.04375948681897894 
0.10842572607581327 0.1932959211225174 0.18928955467694522 0.03520591227421629 0.10870473450061571 0.09528790133214568 0.02504119469934312 0.08158301843946786 0.08158301843946786 0.08158301843946786 
0.10105316372706827 0.19362933112157757 0.2081452939770999 0.08489220115023774 0.11820819293957799 0.06510210318322912 0.05724242847530242 0.05724242847530242 0.05724242847530242 0.05724242847530242 
0.18570004883604532 0.18276367757988862 0.14108551540104977 0.12329575474682858 0.1449443191703471 0.04444213685316813 0.04444213685316813 0.04444213685316813 0.04444213685316813 0.04444213685316813 
0.16064283105617594 0.1940390302983605 0.015899932748627527 0.05374057872720628 0.10866746291359888 0.08073884131056266 0.1806152706902343 0.06855201741841133 0.06855201741841133 0.06855201741841133 
0.03457442225214157 0.11582482553081186 0.10676346765227188 0.15189061193125222 0.011011238985757172 0.0762263248808541 0.11197247659912576 0.16138831601092096 0.1151741580784323 0.1151741580784323 
0.03642612403633133 0.011613344753892696 0.23298652197340664 0.17988411452028233 0.21389082475094523 0.1868638739925978 0.03458379899313603 0.03458379899313603 0.03458379899313603 0.03458379899313603 
0.10398552892419091 0.05421364720303509 0.1993417774511143 0.06441185230643198 0.031035129189160515 0.178234354945274 0.17438602805379946 0.06479722730899792 0.06479722730899792 0.06479722730899792 
0.24818550108912119 0.01173318361676276 0.044013235013609736 0.05159765834320476 0.025188629044148425 0.03322115001148837 0.050219518972694416 0.042194007625422525 0.2480879797998031 0.2455591364837447 


0.037706158707265736 0.16739148630312514 0.04865064678627054 0.20304995260770214 0.031188465896633988 0.19221967299087364 0.0436219268028932 0.05149239042256448 0.11233964974133553 0.11233964974133553 
0.13384496035911383 0.09397543604195747 0.1148078784353785 0.21043796440879387 0.033288462435196384 0.02253828180175756 0.018146139705714482 0.024576510831405208 0.09081496986952341 0.2575693961111595 
0.14521662060018722 0.04653618553809943 0.20272784960344697 0.2370342994270021 0.15066990376324188 0.04356302821360451 0.04356302821360451 0.04356302821360451 0.04356302821360451 0.04356302821360451 
0.064037592406156 0.06425833439921125 0.24781499250868996 0.01877293708618067 0.24820764369771717 0.13814512399410067 0.05469084397698602 0.05469084397698602 0.05469084397698602 0.05469084397698602 
0.1628515709181912 0.16051218005318033 0.19901019846218995 0.20898005642347028 0.24446541939811287 0.004836114948971077 0.004836114948971077 0.004836114948971077 0.004836114948971077 0.004836114948971077 
0.21638358916299769 0.1330061676153199 0.10326745109112836 0.07690575272291164 0.2358699829345341 0.046913411294621656 0.046913411294621656 0.046913411294621656 0.046913411294621656 0.046913411294621656 
0.1191704162509094 0.02873802479779855 0.2144577267119212 0.009073400575877882 0.24567391520365606 0.1278042043333524 0.22809881286349767 0.00899449975432893 0.00899449975432893 0.00899449975432893 
0.11712768917555658 0.001560339026577844 0.018872478145874394 0.1089301473688111 0.18876930512528703 0.2247362902294632 0.19414880651304825 0.04861831480512723 0.04861831480512723 0.04861831480512723 
0.13648511510334277 0.07102464728020688 0.07880870812515614 0.19345344760474217 0.07705094281152503 0.23390186854886744 0.05231881763153983 0.05231881763153983 0.05231881763153983 0.05231881763153983 
0.18897706491755162 0.1700694921677706 0.06002632221579614 0.1048402458949874 0.10519537941029543 0.03480744512524166 0.03291604106271674 0.15712460023658256 0.073021704484529 0.073021704484529 


0.1308312116800561 0.24496361182970783 0.004459156576455786 0.03281851973972979 0.17025281961493208 0.16620237119121403 0.06261807734197616 0.06261807734197616 0.06261807734197616 0.06261807734197616 
0.04788915636852954 0.18548687347472081 0.06652425199505703 0.09415716155971467 0.032987742558775915 0.026642102630446095 0.14455495739986593 0.07330608084726918 0.06425977624459671 0.26419189692102407 
0.17493426698321138 0.17531069377098585 0.03899336536817038 0.17879372499386112 0.1370547882767092 0.1047026926464176 0.047552616990161174 0.047552616990161174 0.047552616990161174 0.047552616990161174 
0.20516734310709803 0.13742468038160688 0.168494554319628 0.1776773228427015 0.23236506822370404 0.015774206225052295 0.015774206225052295 0.015774206225052295 0.015774206225052295 0.015774206225052295 
0.21349544782150412 0.23489142442488645 0.1266560793369068 0.18004489474063015 0.04081869227934538 0.04081869227934538 0.04081869227934538 0.04081869227934538 0.04081869227934538 0.04081869227934538 
0.1369662016676154 0.22149854810291372 0.21975052510688484 0.00263944790068149 0.08875237186989945 0.00889902120446967 0.07017812638677087 0.0012864027234640299 0.12501467751865025 0.12501467751865025 
0.2026568416138697 0.010514271395370655 0.08304827635257507 0.1378502126240025 0.12292215980279166 0.1640797437871794 0.028081384839869782 0.08361570319478046 0.08361570319478046 0.08361570319478046 
0.009976068785070652 0.13336397710751693 0.09603224238500718 0.09470412603041597 0.11124789066111246 0.18296077213404963 0.21107365012311413 0.05354709092457105 0.05354709092457105 0.05354709092457105 
0.11812323943778769 0.11904178426257114 0.09160381879999477 0.1716720302805534 0.16096380129341328 0.031397837102147 0.1921683261375737 0.03834305422865298 0.03834305422865298 0.03834305422865298 
0.11431686539355587 0.18531998563621957 0.2197655741087519 0.14649069515863467 0.06132377912916881 0.14562294175644463 0.03179003970430615 0.03179003970430615 0.03179003970430615 0.03179003970430615 


Distribution for A
++++++++++++++++++++

Unigram
0.22219836822363562 0.005704195797107435 0.05084157056802397 0.1378180724288222 0.15428603281756864 0.030178784644236768 0.20846472196820268 0.0635027511841341 0.0635027511841341 0.0635027511841341 
Bigram
0.23281534522734806 0.1652675339591376 0.07461750472773761 0.0036187212439800324 0.1688910852853723 0.13351290526728518 0.05531922607228484 0.05531922607228484 0.05531922607228484 0.05531922607228484 
0.11471112562553216 0.03125519597757702 0.1003837041017137 0.12193849748898879 0.15281252821886618 0.13942687218740066 0.1790120843183809 0.05348666402718021 0.05348666402718021 0.05348666402718021 
0.05750710993319641 0.21914326016421276 0.17248627340281408 0.03520479307802346 0.1651360518599791 0.12286646902507953 0.056914010634173645 0.056914010634173645 0.056914010634173645 0.056914010634173645 
0.08018696685769677 0.18481004263098746 0.24790094722833955 0.18238454985812724 0.04419320545677572 0.08370817131648306 0.04420402916289752 0.04420402916289752 0.04420402916289752 0.04420402916289752 
0.05271750361316814 0.048911978883255644 0.02583294713266353 0.07947701492447544 0.11803953465990823 0.1625075499695943 0.02881833141324271 0.2050376432561076 0.019958634965288092 0.2586988611822964 
0.056580649676662854 0.23359550772526463 0.20264285371941473 0.10150766509919867 0.05350399466744966 0.1871752885449774 0.04124851014175797 0.04124851014175797 0.04124851014175797 0.04124851014175797 
0.24760884798463556 0.1173485399707605 0.20142228733258558 0.16270217608361784 0.04455755648482145 0.04527211842871586 0.04527211842871586 0.04527211842871586 0.04527211842871586 0.04527211842871586 
0.14646860243339102 0.09887392667543943 0.02986255326761606 0.13489377085993412 0.19945275341565077 0.16945196064448179 0.055249108175871635 0.055249108175871635 0.055249108175871635 0.055249108175871635 
0.2148987107378116 0.07627834655307686 0.07701421625588017 0.11735072926143228 0.2310821851286684 0.12245813255971408 0.04022941987585423 0.04022941987585423 0.04022941987585423 0.04022941987585423 
0.0030107281346175843 0.21487143168176945 0.16575742336466623 0.23880609866483113 0.10117005679560442 0.24697998397841275 0.007351069345024594 0.007351069345024594 0.007351069345024594 0.007351069345024594 

Trigram
0.0771137173364049 0.11509918804143376 0.2241618062900165 0.1345972166849968 0.04427454500309835 0.10526757519654165 0.04517436771165534 0.2413350405188495 0.006488271608501586 0.006488271608501586 
0.1650771192029727 0.13075809545985945 0.14667464638873418 0.13791871887706328 0.07130219090132009 0.20114083978944483 0.03678209734515144 0.03678209734515144 0.03678209734515144 0.03678209734515144 
0.10681708400278497 0.22519427478409745 0.17955371549912483 0.20256106092367435 0.14821754698977163 0.027531263560109306 0.027531263560109306 0.027531263560109306 0.027531263560109306 0.027531263560109306 
0.217202960721823 0.09564990363178752 0.03173823837910871 0.18686797980836256 0.047182681266174746 0.24222092342486876 0.04478432819196871 0.04478432819196871 0.04478432819196871 0.04478432819196871 
0.08098015133340736 0.1390658795521949 0.013080686784325113 0.018901869405744842 0.21957000915474165 0.21926067351579423 0.13093284871337596 0.05940262718013863 0.05940262718013863 0.05940262718013863 
0.18077968484877513 0.18730876047383657 0.06028698549584341 0.1505624839674499 0.2457559066324161 0.03506123571633577 0.03506123571633577 0.03506123571633577 0.03506123571633577 0.03506123571633577 
0.24181067736128636 0.06923259969933682 0.0388263509206507 0.2166177133509757 0.1122678332849712 0.1904247482944382 0.03270501927208531 0.03270501927208531 0.03270501927208531 0.03270501927208531 
0.1445913100533137 0.11366819461770275 0.15959037556080474 0.04774890861722933 0.07003843579855146 0.22637984766888702 0.05949573192087776 0.05949573192087776 0.05949573192087776 0.05949573192087776 
0.07230204220985392 0.04187990619589094 0.14120154854219308 0.1233188656097676 0.19885873034066226 0.2509379175337189 0.0428752473919783 0.0428752473919783 0.0428752473919783 0.0428752473919783 
0.20646775500448433 0.0725422219606168 0.014741414178156392 0.06371256429144526 0.09986497234673183 0.13089306996591266 0.021160442574676953 0.19835171486851352 0.09613292240473106 0.09613292240473106 


0.06496068166855645 0.08357774560943779 0.11717553380057516 0.08905489646473766 0.18850363006873366 0.20236295877902266 0.20826829501958882 0.015365419529782653 0.015365419529782653 0.015365419529782653 
0.21794449246020142 0.21682927723218487 0.2441572688098847 0.24436636148762905 0.012783766668349983 0.012783766668349983 0.012783766668349983 0.012783766668349983 0.012783766668349983 0.012783766668349983 
0.24321519528423777 0.11337690566321214 0.13427269826767851 0.06620354509186803 0.2263507618332672 0.0433161787719473 0.0433161787719473 0.0433161787719473 0.0433161787719473 0.0433161787719473 
0.07217017732005564 0.02472849911970516 0.06414534236312096 0.16706416438391386 0.03737395872931577 0.060081506892389294 0.10099027019148323 0.08353040556882325 0.12486648335824983 0.26504919207294303 
0.22976968135532358 0.09501495658572223 0.21647096806208185 0.06267514147574049 0.05938094108574967 0.04895679880209374 0.1729388888618764 0.03826420792380408 0.03826420792380408 0.03826420792380408 
0.18975638806682774 0.1437260818415964 0.06337155189677282 0.05231348575881331 0.05678366481758987 0.02500885628990715 0.03383912847784262 0.09569931033633075 0.23418251984720576 0.1053190126671136 
0.18594020421396815 0.20574460038280412 0.21245166946162633 0.23126491776707644 0.027433101362420782 0.027433101362420782 0.027433101362420782 0.027433101362420782 0.027433101362420782 0.027433101362420782 
0.22267227857862482 0.046100777543270265 0.18107558302300203 0.0013853040462974077 0.21891270950603514 0.15816387632174572 0.04292236774525622 0.04292236774525622 0.04292236774525622 0.04292236774525622 
0.1281204657834525 0.15130317074885366 0.1641541124623645 0.2329773501776034 0.20134494458893845 0.024419991247757504 0.024419991247757504 0.024419991247757504 0.024419991247757504 0.024419991247757504 
0.10075825698706874 0.12492159694717515 0.150974490773322 0.13064877630767852 0.20316294494430723 0.2398028662255676 0.012432766953720174 0.012432766953720174 0.012432766953720174 0.012432766953720174 


0.0990045311866371 0.22172923724669216 0.02145088929215494 0.24034335036715426 0.05770970913131068 0.14193873836596 0.054455886102522735 0.054455886102522735 0.054455886102522735 0.054455886102522735 
0.24176784118656328 0.0786574917384048 0.009773100560100006 0.1145054067266463 0.1991489479568779 0.1910684958806305 0.041269678987694215 0.041269678987694215 0.041269678987694215 0.041269678987694215 
0.1460634467990869 0.1370487644095781 0.20012679774513928 0.046726663945279405 0.21393038986381932 0.1682115092518887 0.021973106996302103 0.021973106996302103 0.021973106996302103 0.021973106996302103 
0.23209466701337378 0.2305229478301255 0.18662300958656955 0.2392530748015996 0.018584383461388625 0.018584383461388625 0.018584383461388625 0.018584383461388625 0.018584383461388625 0.018584383461388625 
0.20417629574272092 0.153350401613721 0.14573281354712628 0.022029339898681388 0.10356004289920237 0.2230073445794983 0.037035940429762416 0.037035940429762416 0.037035940429762416 0.037035940429762416 
0.2048851932311467 0.21692569083793098 0.02444903302612551 0.03142500759492407 0.04933178382231647 0.15713148572130883 0.1667503270777454 0.04970049289616734 0.04970049289616734 0.04970049289616734 
0.005960634216227611 0.12889172445885788 0.042332107464717356 0.21260513947635654 0.22903060306385933 0.05357892948825346 0.05407234641598854 0.0018211892409392407 0.22485290189812476 0.046854424276675216 
0.07268491295143323 0.2153533334987284 0.13040575583189085 0.12714851689913567 0.07458131129589576 0.15835326632247038 0.05536822580011144 0.05536822580011144 0.05536822580011144 0.05536822580011144 
0.22354176414017943 0.02088117984655164 0.149982625033953 0.23264150267075537 0.021213979561091452 0.18466439349375377 0.041768638813428786 0.041768638813428786 0.041768638813428786 0.041768638813428786 
0.11684011020370269 0.11210053760923341 0.17452847765038446 0.14925165453382216 0.1849780341846949 0.14029692005445346 0.03050106644092721 0.03050106644092721 0.03050106644092721 0.03050106644092721 


0.14951231089842806 0.15515286527233343 0.2503531218044981 0.2236332517581295 0.036891408377768484 0.036891408377768484 0.036891408377768484 0.036891408377768484 0.036891408377768484 0.036891408377768484 
0.15513143611923044 0.1592097171794662 0.16127663848080226 0.025261231660201194 0.10501427533279001 0.08639180250149878 0.16289437876749918 0.04827350665283734 0.04827350665283734 0.04827350665283734 
0.0338847485610832 0.21026882797734317 0.12146792172685256 0.12190054013798607 0.2336720123284132 0.011175849572739982 0.13220869781889194 0.045140467292230035 0.045140467292230035 0.045140467292230035 
0.16514489556364528 0.10319253628387612 0.14533210181402892 0.17981787432711654 0.24339723828322332 0.03262307074562192 0.03262307074562192 0.03262307074562192 0.03262307074562192 0.03262307074562192 
0.22489619590260312 0.22713457809304555 0.18878309487306405 0.2126186803522439 0.02442790846317394 0.02442790846317394 0.02442790846317394 0.02442790846317394 0.02442790846317394 0.02442790846317394 
0.17662896222849483 0.19497055687324646 0.025416715389356 0.09461195760816105 0.1239691776217764 0.22163626833347136 0.04069159048637345 0.04069159048637345 0.04069159048637345 0.04069159048637345 
0.12414018055216675 0.14921378513324834 0.23255181491824617 0.15467656732401186 0.027428146993337038 0.0782240312491799 0.05844136845745251 0.05844136845745251 0.05844136845745251 0.05844136845745251 
0.22355128338934196 0.15774875043860503 0.21586039734045787 0.21769212073041996 0.030857908016862567 0.030857908016862567 0.030857908016862567 0.030857908016862567 0.030857908016862567 0.030857908016862567 
0.0769884819286741 0.19463758020225846 0.05643740938820181 0.11675962469093222 0.19425828959638955 0.23790975993641206 0.030752213564282965 0.030752213564282965 0.030752213564282965 0.030752213564282965 
0.11412320163169992 0.15784566671562467 0.13838520277890815 0.21583111462960233 0.040466395182321035 0.004271976433652263 0.10048820441701703 0.07619607940372485 0.07619607940372485 0.07619607940372485 


0.011699351439162509 0.09218442956382947 0.04179684873961667 0.1352149135826012 0.1050922513013326 0.07609683319189492 0.18974081332788922 0.17815770291890815 0.08500842796738262 0.08500842796738262 
0.13405022837169073 0.18186012587691897 0.027956895100876754 0.21989092997271376 0.07782133991565596 0.19963343707899986 0.03969676092078606 0.03969676092078606 0.03969676092078606 0.03969676092078606 
0.042672263728393556 0.062233145654758765 0.06241396812356134 0.15976562309746312 0.03806265095941183 0.03058627699245897 0.1860679795876102 0.22481721214771722 0.09669043985431242 0.09669043985431242 
0.13199925344121488 0.18798244772054165 0.010792628320329078 0.001731952777572109 0.15174896600115703 0.22936670762616435 0.21006469596920077 0.025437782714606748 0.025437782714606748 0.025437782714606748 
0.09766147959446125 0.23057467438739662 0.13425909811885098 0.024078802353447178 0.14222637958827733 0.1581802402401847 0.05325483142934546 0.05325483142934546 0.05325483142934546 0.05325483142934546 
0.05876632854656976 0.23585601719029253 0.0598917162105709 0.13543594008694693 0.21040257818210528 0.11255427393006792 0.04677328646336173 0.04677328646336173 0.04677328646336173 0.04677328646336173 
0.021998003190383142 0.12062088331820814 0.1131687075300642 0.23222273597381174 0.0921130133691877 0.18410974220515125 0.05894172860329844 0.05894172860329844 0.05894172860329844 0.05894172860329844 
0.14679974233643295 0.20298918852621162 0.09365948510851071 0.15617941096371504 0.17829387354291107 0.04441565990444373 0.04441565990444373 0.04441565990444373 0.04441565990444373 0.04441565990444373 
0.15931383133925603 0.223389036205926 0.061707474501951694 0.20129408035984733 0.0017529060217840223 0.01773915537617863 0.1405577116561614 0.06474860151296492 0.06474860151296492 0.06474860151296492 
0.17566413769432343 0.22973900584537563 0.022830994393829934 0.11511987895714512 0.1275485860510705 0.12695809827855717 0.050534824694924534 0.050534824694924534 0.050534824694924534 0.050534824694924534 


0.1857488010666059 0.17539513493308778 0.010691392089743328 0.015213092671213107 0.2337386663172053 0.24075112845597968 0.03461544611654123 0.03461544611654123 0.03461544611654123 0.03461544611654123 
0.24877594654152702 0.1642149086005929 0.018742548790000042 0.20751081841597396 0.11730133299886941 0.048690888930607294 0.048690888930607294 0.048690888930607294 0.048690888930607294 0.048690888930607294 
0.19145163471234058 0.10350939376873132 0.08121918706355351 0.02179816032833588 0.08931144835072714 0.2382159223358102 0.1911720926480581 0.027774053597481068 0.027774053597481068 0.027774053597481068 
0.0760358487574289 0.1695114835141431 0.19100532785563076 0.13577714587773634 0.05546160741860125 0.18249206178522892 0.0474291311978077 0.0474291311978077 0.0474291311978077 0.0474291311978077 
0.12062552318005912 0.21753084598898426 0.006290671786483792 0.20400342343344266 0.13652584047148708 0.18280001752505576 0.033055919403621806 0.033055919403621806 0.033055919403621806 0.033055919403621806 
0.13285827569388636 0.05940240970033483 0.03842409673661384 0.2359455523149095 0.2050291713457539 0.14041668657570625 0.04698095190819889 0.04698095190819889 0.04698095190819889 0.04698095190819889 
0.19338719388056858 0.16069410206419488 0.14539898850029517 0.1605894988990899 0.1373689354088875 0.04051225624939276 0.04051225624939276 0.04051225624939276 0.04051225624939276 0.04051225624939276 
0.22620405523167358 0.21920329641325675 0.1208991030569139 0.025026207347873593 0.0026702607046373886 0.041803666149201564 0.14928104260345657 0.0716374561643288 0.0716374561643288 0.0716374561643288 
0.24219358506961064 0.1640016243275622 0.09284742298699286 0.0829204394906157 0.24851188839113456 0.03390500794681676 0.03390500794681676 0.03390500794681676 0.03390500794681676 0.03390500794681676 
0.22015142593985648 0.013710362858457392 0.06114176970557514 0.1343659120060276 0.12900122531661046 0.24340641621612713 0.04955572198933643 0.04955572198933643 0.04955572198933643 0.04955572198933643 


0.05090843647633619 0.16610069104667163 0.01544509270210847 0.11091632716609504 0.14130561580991557 0.23883096204253693 0.10562940978936672 0.05695448832232325 0.05695448832232325 0.05695448832232325 
0.006570154430333402 0.10073017509829629 0.021697287165301254 0.19275228868651584 0.20751467027987397 0.2251024181301388 0.061408251552385114 0.061408251552385114 0.061408251552385114 0.061408251552385114 
0.2649057895454915 0.10003989233702679 0.02165539828018029 0.03137625063642311 0.07120239434417477 0.1395145004815511 0.04520065658519643 0.02873104991644327 0.031312036942438067 0.2660620309310748 
0.05061817550442437 0.16508225353559197 0.18233019024296468 0.21486297795571763 0.17012079295292354 0.04339712196167559 0.04339712196167559 0.04339712196167559 0.04339712196167559 0.04339712196167559 
0.02377438982739059 0.10617568354615613 0.1863673288930625 0.2357481951904425 0.04673172787699702 0.1193153587680366 0.053415071728580024 0.07615741472311158 0.07615741472311158 0.07615741472311158 
0.20073788293416372 0.022099579849350404 0.14328744971938187 0.050458465880261844 0.08455118057802533 0.05963375605291679 0.08131358496131874 0.08744145062184838 0.07940301253901427 0.19107363686371864 
0.18830172320349567 0.09822287120004086 0.20341636778780786 0.10347045687192433 0.2385402958040694 0.03360965702653236 0.03360965702653236 0.03360965702653236 0.03360965702653236 0.03360965702653236 
0.17498485554474835 0.13503541380625936 0.23639212050456912 0.24028944561633045 0.035549694088015435 0.035549694088015435 0.035549694088015435 0.035549694088015435 0.035549694088015435 0.035549694088015435 
0.23442674277859357 0.2136124755701421 0.2360336375008536 0.0515074427702592 0.11302896616048272 0.0302781470439338 0.0302781470439338 0.0302781470439338 0.0302781470439338 0.0302781470439338 
0.08277632626344777 0.19696316341224424 0.051323842071553084 0.23046731358806044 0.16250675587557042 0.10340699145065388 0.04313890183461749 0.04313890183461749 0.04313890183461749 0.04313890183461749 


0.09404362665693364 0.14491383587995382 0.06983291982316822 0.10279483492541175 0.02479040750228608 0.02033942048887207 0.098771990067922 0.15261429817737907 0.03338300419939579 0.25851566227867767 
0.014008120577484906 0.09263509657779725 0.040564665168382086 0.01959633727435342 0.2139866532912344 0.18351325822115336 0.16669590721841043 0.18148098803322635 0.04375948681897894 0.04375948681897894 
0.10842572607581327 0.1932959211225174 0.18928955467694522 0.03520591227421629 0.10870473450061571 0.09528790133214568 0.02504119469934312 0.08158301843946786 0.08158301843946786 0.08158301843946786 
0.10105316372706827 0.19362933112157757 0.2081452939770999 0.08489220115023774 0.11820819293957799 0.06510210318322912 0.05724242847530242 0.05724242847530242 0.05724242847530242 0.05724242847530242 
0.18570004883604532 0.18276367757988862 0.14108551540104977 0.12329575474682858 0.1449443191703471 0.04444213685316813 0.04444213685316813 0.04444213685316813 0.04444213685316813 0.04444213685316813 
0.16064283105617594 0.1940390302983605 0.015899932748627527 0.05374057872720628 0.10866746291359888 0.08073884131056266 0.1806152706902343 0.06855201741841133 0.06855201741841133 0.06855201741841133 
0.03457442225214157 0.11582482553081186 0.10676346765227188 0.15189061193125222 0.011011238985757172 0.0762263248808541 0.11197247659912576 0.16138831601092096 0.1151741580784323 0.1151741580784323 
0.03642612403633133 0.011613344753892696 0.23298652197340664 0.17988411452028233 0.21389082475094523 0.1868638739925978 0.03458379899313603 0.03458379899313603 0.03458379899313603 0.03458379899313603 
0.10398552892419091 0.05421364720303509 0.1993417774511143 0.06441185230643198 0.031035129189160515 0.178234354945274 0.17438602805379946 0.06479722730899792 0.06479722730899792 0.06479722730899792 
0.24818550108912119 0.01173318361676276 0.044013235013609736 0.05159765834320476 0.025188629044148425 0.03322115001148837 0.050219518972694416 0.042194007625422525 0.2480879797998031 0.2455591364837447 


0.037706158707265736 0.16739148630312514 0.04865064678627054 0.20304995260770214 0.031188465896633988 0.19221967299087364 0.0436219268028932 0.05149239042256448 0.11233964974133553 0.11233964974133553 
0.13384496035911383 0.09397543604195747 0.1148078784353785 0.21043796440879387 0.033288462435196384 0.02253828180175756 0.018146139705714482 0.024576510831405208 0.09081496986952341 0.2575693961111595 
0.14521662060018722 0.04653618553809943 0.20272784960344697 0.2370342994270021 0.15066990376324188 0.04356302821360451 0.04356302821360451 0.04356302821360451 0.04356302821360451 0.04356302821360451 
0.064037592406156 0.06425833439921125 0.24781499250868996 0.01877293708618067 0.24820764369771717 0.13814512399410067 0.05469084397698602 0.05469084397698602 0.05469084397698602 0.05469084397698602 
0.1628515709181912 0.16051218005318033 0.19901019846218995 0.20898005642347028 0.24446541939811287 0.004836114948971077 0.004836114948971077 0.004836114948971077 0.004836114948971077 0.004836114948971077 
0.21638358916299769 0.1330061676153199 0.10326745109112836 0.07690575272291164 0.2358699829345341 0.046913411294621656 0.046913411294621656 0.046913411294621656 0.046913411294621656 0.046913411294621656 
0.1191704162509094 0.02873802479779855 0.2144577267119212 0.009073400575877882 0.24567391520365606 0.1278042043333524 0.22809881286349767 0.00899449975432893 0.00899449975432893 0.00899449975432893 
0.11712768917555658 0.001560339026577844 0.018872478145874394 0.1089301473688111 0.18876930512528703 0.2247362902294632 0.19414880651304825 0.04861831480512723 0.04861831480512723 0.04861831480512723 
0.13648511510334277 0.07102464728020688 0.07880870812515614 0.19345344760474217 0.07705094281152503 0.23390186854886744 0.05231881763153983 0.05231881763153983 0.05231881763153983 0.05231881763153983 
0.18897706491755162 0.1700694921677706 0.06002632221579614 0.1048402458949874 0.10519537941029543 0.03480744512524166 0.03291604106271674 0.15712460023658256 0.073021704484529 0.073021704484529 


0.1308312116800561 0.24496361182970783 0.004459156576455786 0.03281851973972979 0.17025281961493208 0.16620237119121403 0.06261807734197616 0.06261807734197616 0.06261807734197616 0.06261807734197616 
0.04788915636852954 0.18548687347472081 0.06652425199505703 0.09415716155971467 0.032987742558775915 0.026642102630446095 0.14455495739986593 0.07330608084726918 0.06425977624459671 0.26419189692102407 
0.17493426698321138 0.17531069377098585 0.03899336536817038 0.17879372499386112 0.1370547882767092 0.1047026926464176 0.047552616990161174 0.047552616990161174 0.047552616990161174 0.047552616990161174 
0.20516734310709803 0.13742468038160688 0.168494554319628 0.1776773228427015 0.23236506822370404 0.015774206225052295 0.015774206225052295 0.015774206225052295 0.015774206225052295 0.015774206225052295 
0.21349544782150412 0.23489142442488645 0.1266560793369068 0.18004489474063015 0.04081869227934538 0.04081869227934538 0.04081869227934538 0.04081869227934538 0.04081869227934538 0.04081869227934538 
0.1369662016676154 0.22149854810291372 0.21975052510688484 0.00263944790068149 0.08875237186989945 0.00889902120446967 0.07017812638677087 0.0012864027234640299 0.12501467751865025 0.12501467751865025 
0.2026568416138697 0.010514271395370655 0.08304827635257507 0.1378502126240025 0.12292215980279166 0.1640797437871794 0.028081384839869782 0.08361570319478046 0.08361570319478046 0.08361570319478046 
0.009976068785070652 0.13336397710751693 0.09603224238500718 0.09470412603041597 0.11124789066111246 0.18296077213404963 0.21107365012311413 0.05354709092457105 0.05354709092457105 0.05354709092457105 
0.11812323943778769 0.11904178426257114 0.09160381879999477 0.1716720302805534 0.16096380129341328 0.031397837102147 0.1921683261375737 0.03834305422865298 0.03834305422865298 0.03834305422865298 
0.11431686539355587 0.18531998563621957 0.2197655741087519 0.14649069515863467 0.06132377912916881 0.14562294175644463 0.03179003970430615 0.03179003970430615 0.03179003970430615 0.03179003970430615 


Distribution for B
++++++++++++++++++++

Unigram
0.22494719970752772 0.13772232649690747 0.039774281347268 0.0014143546598367298 0.013998786764796444 0.1447490843404161 0.11825262532140639 0.18676527837358828 0.06618803149412644 0.06618803149412644 
Bigram
0.11642489835278062 0.1424950086732019 0.08885903085646828 0.006482789029413915 0.14500549040186106 0.07142229761527073 0.2481228168949361 0.0603958893920225 0.0603958893920225 0.0603958893920225 
0.21176328318170246 0.020799740266511334 0.25095552031401985 0.20501264865761287 0.16889832512004965 0.02851409649202079 0.02851409649202079 0.02851409649202079 0.02851409649202079 0.02851409649202079 
0.18283379415659498 0.20484862264919365 0.1655851842287819 0.18455031399089153 0.13161045203758082 0.026114326587391386 0.026114326587391386 0.026114326587391386 0.026114326587391386 0.026114326587391386 
0.08275148752110444 0.2014131890669843 0.21602840928731812 0.03853060323861897 0.232737407492079 0.04570778067877904 0.04570778067877904 0.04570778067877904 0.04570778067877904 0.04570778067877904 
0.07109405093348356 0.08217573757072863 0.027800496723320627 0.2461116368896411 0.0260576305051611 0.06308309585425054 0.08941887268400323 0.1871263512018833 0.10356606381876406 0.10356606381876406 
0.05578874409570966 0.17076590909240927 0.06893142992497162 0.008728557870423615 0.2501121418225745 0.23066883810813701 0.05375109477144364 0.05375109477144364 0.05375109477144364 0.05375109477144364 
0.16245813710145252 0.22308028326119347 0.12150350229894843 0.0507544183996109 0.1751481884293884 0.20640088590210195 0.015163646151826046 0.015163646151826046 0.015163646151826046 0.015163646151826046 
0.12469408022472583 0.1994021557286519 0.055841872730209186 0.14584168407166792 0.18921978503715825 0.22058333725028664 0.01610427123932507 0.01610427123932507 0.01610427123932507 0.01610427123932507 
0.15725963059218326 0.1727123409078472 0.15778204628954234 0.21186178042035944 0.02572287544210112 0.08230927105405297 0.04808801382347835 0.04808801382347835 0.04808801382347835 0.04808801382347835 
0.010724339900138491 0.20578185894401332 0.12213096850982819 0.21813307603548632 0.03786430444276187 0.10353625165870683 0.043993769290541024 0.10123186244884552 0.07830178438483926 0.07830178438483926 

Trigram
0.066455103516092 0.08743036323785718 0.09020989191851507 0.2072946334767802 0.24937659908025805 0.03530602715272961 0.17600082728615696 0.029308851443870347 0.029308851443870347 0.029308851443870347 
0.09539060134105243 0.19958827208032862 0.12225559130417754 0.11665477840082067 0.1617500715658028 0.09224530023409899 0.05302884626842977 0.05302884626842977 0.05302884626842977 0.05302884626842977 
0.23414936192748018 0.056329987413553134 0.16647584435746804 0.04768226394823985 0.14315845377195818 0.24465693957437054 0.026886787251732554 0.026886787251732554 0.026886787251732554 0.026886787251732554 
0.1283933236566425 0.038966194504670836 0.08814953328472927 0.18514505507179807 0.18795204177757327 0.12096283595722948 0.06260775393683922 0.06260775393683922 0.06260775393683922 0.06260775393683922 
0.0948490859096395 0.04847626740052723 0.11252520108392763 0.10329835387819883 0.21263476979686166 0.1564877429646367 0.20662272430202747 0.021701951554727043 0.021701951554727043 0.021701951554727043 
0.1611443184798883 0.20140873623870978 0.06724648684929518 0.0722852528313557 0.041178349209610166 0.17260432165980086 0.1463348915228902 0.045932547736149944 0.045932547736149944 0.045932547736149944 
0.15062991102587675 0.18321099028650184 0.1358083817959382 0.17345249234404214 0.21882155768902906 0.027615333371722433 0.027615333371722433 0.027615333371722433 0.027615333371722433 0.027615333371722433 
0.14174613851593076 0.03872794772425789 0.14142420417693177 0.10963927162093062 0.03818616706755762 0.04612834706575533 0.08632509940536759 0.14175790255786183 0.04037236261292976 0.21569255925247688 
0.2346422956749925 0.08050363134812041 0.1487758908638283 0.11264564464068741 0.010590676950386735 0.17750731133191616 0.0588336372975171 0.0588336372975171 0.0588336372975171 0.0588336372975171 
0.18804225928839338 0.07003428158406447 0.12542717228066355 0.20430768667689586 0.01700985312099309 0.039907823248039424 0.20913072393811913 0.04871339995427711 0.04871339995427711 0.04871339995427711 


0.22335849273830938 0.158650833847278 0.10762281017964415 0.21095881085375368 0.044301454207823575 0.05898266536813517 0.04903123320126407 0.04903123320126407 0.04903123320126407 0.04903123320126407 
0.13042976022560496 0.16715044258607856 0.05766430202533758 0.03995467110778968 0.009645767998735327 0.22684074849136984 0.07908429693576709 0.23875458834328164 0.0252377111430177 0.0252377111430177 
0.12615234334947809 0.027181342569436585 0.23448659787186918 0.2223064472489005 0.012640626164821039 0.012284608070043895 0.1388025150971709 0.07538183987609319 0.07538183987609319 0.07538183987609319 
0.23482663961709885 0.13958810080266917 0.10315043153851727 0.12346578891467042 0.2373957271791536 0.032314662389578155 0.032314662389578155 0.032314662389578155 0.032314662389578155 0.032314662389578155 
0.1373221907113559 0.08031554114960718 0.0017405438141231346 0.09481293768573659 0.13368084642793987 0.21728713027512372 0.22345065277334783 0.03713005238758867 0.03713005238758867 0.03713005238758867 
0.09738638792094162 0.1982080598266347 0.0433480607274343 0.16081675767747314 0.10879948581490287 0.08951934585605878 0.10131651793254318 0.06686846141467047 0.06686846141467047 0.06686846141467047 
0.054610150032508034 0.038449969487723515 0.12349557436527069 0.0711912037153828 0.24888351796052344 0.06466728206330134 0.21224690227750675 0.06215180003259451 0.06215180003259451 0.06215180003259451 
0.2409771995469525 0.042458723961559405 0.24934494651544814 0.11785967829476286 0.16572112581442877 0.036727665173369575 0.036727665173369575 0.036727665173369575 0.036727665173369575 0.036727665173369575 
0.23370123963147124 0.0948880021815192 0.21651957776886052 0.07528668670796367 0.020225125257937526 0.16382464831593668 0.0488886800340778 0.0488886800340778 0.0488886800340778 0.0488886800340778 
0.24528605658818908 0.019541504641129 0.2144679232396493 0.042376476383731654 0.10976874586477309 0.15070909486099238 0.05446254960538387 0.05446254960538387 0.05446254960538387 0.05446254960538387 


0.050623207413586946 0.17849387507222406 0.02218864065458595 0.018195903689609993 0.10367898768062755 0.022448200341465913 0.015413557182672871 0.20115076983051564 0.21126255011558892 0.17654430801912224 
0.03878853061924492 0.09732068088256379 0.03904462048240426 0.03496244317285571 0.10943833030672565 0.1218078779254178 0.06708189480813231 0.17223732348080473 0.06933958722460412 0.2499787110972467 
0.2141519138667192 0.21650555285438797 0.22291146240681758 0.21100941999060244 0.02257027514691216 0.02257027514691216 0.02257027514691216 0.02257027514691216 0.02257027514691216 0.02257027514691216 
0.08865014662629433 0.15240371654910126 0.23209406509338137 0.0858859933772245 0.12694391187796422 0.23415125187729305 0.01996772864968529 0.01996772864968529 0.01996772864968529 0.01996772864968529 
0.05358092432002948 0.08836963427777403 0.022367904461863458 0.029930914190225033 0.06265626696703572 0.20013887581008938 0.13251366802792608 0.09531959402751022 0.13340206219268838 0.1817201557248583 
0.1296156890937163 0.04811736722291127 0.18328108736390186 0.2091386979328425 0.10652058008832907 0.11812609307993346 0.05130012130459139 0.05130012130459139 0.05130012130459139 0.05130012130459139 
0.1525913656131663 0.2399589779536449 0.003179086420212195 0.12649602777193178 0.13233276458451487 0.06320168974892787 0.062037971749840076 0.07340070538592068 0.07340070538592068 0.07340070538592068 
0.11610985868972468 0.14181415152057444 0.07747475796175474 0.08007063346984516 0.1810447061851609 0.09071062240836578 0.08877500566112062 0.07466675470115118 0.07466675470115118 0.07466675470115118 
0.07268898194371749 0.18810315870264813 0.1325658035664431 0.013738652712211096 0.11223148472425663 0.20990271487453346 0.08710470702575289 0.0612214988168124 0.0612214988168124 0.0612214988168124 
0.05563746889099753 0.029454481164559405 0.1650778699458001 0.17519225510100997 0.2447392789585161 0.07384584689410964 0.19846094942318232 0.019197283207274936 0.019197283207274936 0.019197283207274936 


0.09777777089834663 0.127128331472801 0.0832859722679278 0.03438951289426628 0.2118218869444058 0.11030595272455399 0.23827291920182475 0.03233921786529128 0.03233921786529128 0.03233921786529128 
0.0763502984916973 0.09947794075695063 0.08659352480778523 0.10523949482796166 0.23160827815340881 0.20035006308196662 0.0500950999700574 0.0500950999700574 0.0500950999700574 0.0500950999700574 
0.03535357029617639 0.056675624272895714 0.1843460785106888 0.06552275091374357 0.15338849549850608 0.012334107788160242 0.014060973409125238 0.1329810152808381 0.11933214863089078 0.22600523539897507 
0.04899435010088726 0.052417260764821644 0.1337516218656316 0.02534729058762311 0.017656613724547215 0.24665588101413433 0.10995487778883226 0.0714267110505642 0.2284023902121367 0.06539300289082173 
0.1990443859836306 0.05668294088983642 0.23249128468676641 0.16333479142497742 0.06388559137275651 0.19527305190967315 0.022321988433089857 0.022321988433089857 0.022321988433089857 0.022321988433089857 
0.02526571944381706 0.03654408866856107 0.15163706873118304 0.12284426533342577 0.24035394196650878 0.24233435717624818 0.045255139670064046 0.045255139670064046 0.045255139670064046 0.045255139670064046 
0.16896517424068086 0.22773298188177182 0.11952672345074954 0.25063937998841923 0.03885595673972978 0.03885595673972978 0.03885595673972978 0.03885595673972978 0.03885595673972978 0.03885595673972978 
0.10626621061379982 0.18460399717743636 0.21470844024553543 0.12465947962132748 0.003983366298087459 0.19149204245746057 0.043571615896588235 0.043571615896588235 0.043571615896588235 0.043571615896588235 
0.1388316377281873 0.08231150851492289 0.25039162284567335 0.10595646431922046 0.04422877807697954 0.19443056014311128 0.04596235709297629 0.04596235709297629 0.04596235709297629 0.04596235709297629 
0.15566703041507002 0.03516340638810034 0.10839776828451214 0.13028250675829164 0.03023172522327114 0.1391189705325761 0.21084683796830633 0.06343058480995745 0.06343058480995745 0.06343058480995745 


0.221012671238443 0.021121709360169903 0.06114611215518886 0.06154513470246147 0.03376369002951906 0.009930857286426143 0.07160877019196979 0.06905372395394882 0.2051673746404404 0.2456499564414326 
0.15873543129943982 0.13727203378105052 0.1831800863596705 0.05112032133200595 0.19660964814948886 0.24222906336604733 0.0077133539280742625 0.0077133539280742625 0.0077133539280742625 0.0077133539280742625 
0.010030126980726112 0.11954394171210342 0.04088761061731458 0.025198293354588314 0.15652012283188096 0.017768287283077167 0.1736600112108923 0.08188848979399294 0.14598516844932743 0.22851794776609677 
0.16399821197033793 0.1338002096141533 0.07337825101841478 0.015503124013240976 0.17778313563340756 0.15419689785150623 0.19834899264544478 0.027663725751164898 0.027663725751164898 0.027663725751164898 
0.11205535935842646 0.11384093446727443 0.05871467109166349 0.1839163252299041 0.15110678143225456 0.07793126306852387 0.2200162162731725 0.02747281635959357 0.02747281635959357 0.02747281635959357 
0.08278081971668874 0.10245194075295233 0.16505929231317276 0.07420384734124497 0.04399060708088909 0.09258470475610336 0.16302105607921963 0.07928762095746464 0.09831005550113224 0.09831005550113224 
0.10926744471865693 0.17953039259218195 0.200386713390911 0.14367172395913397 0.1578434125799724 0.04186006255182879 0.04186006255182879 0.04186006255182879 0.04186006255182879 0.04186006255182879 
0.22426813846531765 0.14538631291281828 0.12365130243344656 0.14988846160314206 0.15629608710466222 0.04010193949612266 0.04010193949612266 0.04010193949612266 0.04010193949612266 0.04010193949612266 
0.19554244828640155 0.03734880487936004 0.10524611543951853 0.24366173194481983 0.014278700232298991 0.09217049043255746 0.014563997992920713 0.24769978704564863 0.02474396187323709 0.02474396187323709 
0.18061551184726782 0.25055725345787855 0.19517005777088317 0.00892203218101792 0.015546539737269938 0.10699030090337641 0.06054957602557652 0.06054957602557652 0.06054957602557652 0.06054957602557652 


0.18305496143232752 0.06874409637495195 0.008500202351183216 0.04499427073972591 0.20746390616663857 0.1331849085912205 0.1885108522610883 0.055182267360954704 0.055182267360954704 0.055182267360954704 
0.16587165856778974 0.15121820625679616 0.10490803721171796 0.05103852648308744 0.1300553283662048 0.23600577094973474 0.040225618041167255 0.040225618041167255 0.040225618041167255 0.040225618041167255 
0.11609670690895102 0.20335370155196217 0.04535880821466821 0.1662165472439202 0.2438720721433855 0.04502043278742255 0.04502043278742255 0.04502043278742255 0.04502043278742255 0.04502043278742255 
0.014942471836358589 0.1477825436301412 0.16470659655248887 0.18380717165949323 0.05520578684608045 0.045978360320818354 0.19615955240935037 0.06380583891508966 0.06380583891508966 0.06380583891508966 
0.024107419340117574 0.05696635557073208 0.14496198467798477 0.01038528256087588 0.18212697074694303 0.13053240138821837 0.1296520789639774 0.07157286401803124 0.1248473213665598 0.1248473213665598 
0.16295845955002333 0.0974779416924281 0.10143955364330562 0.22598181563729258 0.2491055854812623 0.03260732879913763 0.03260732879913763 0.03260732879913763 0.03260732879913763 0.03260732879913763 
0.21486432811034242 0.126769578215298 0.2319712788185901 0.041094286944098224 0.19900096614650337 0.03725991235303359 0.03725991235303359 0.03725991235303359 0.03725991235303359 0.03725991235303359 
0.13769865498577905 0.22392280430474226 0.12061290303883207 0.14501703087412296 0.1620208025993699 0.04214556083943073 0.04214556083943073 0.04214556083943073 0.04214556083943073 0.04214556083943073 
0.12395571104785709 0.0223053339204121 0.08922585428530032 0.02052955948233685 0.013436779464352466 0.04044250660271263 0.1119695282780165 0.24224361917622578 0.10405787699181022 0.23183323075097603 
0.2150619143884733 0.14395585082430015 0.06772130069575683 0.15419115949269263 0.20546266225668067 0.04272142246841933 0.04272142246841933 0.04272142246841933 0.04272142246841933 0.04272142246841933 


0.11177101883715548 0.0342395522807536 0.16167734412474966 0.16974213393353882 0.18063378088513912 0.024853358781744696 0.06884781099886422 0.08274500005268474 0.08274500005268474 0.08274500005268474 
0.20240577373933274 0.12656100997461667 0.1163190662774338 0.13886155330189867 0.22248139172962908 0.038674240995417816 0.038674240995417816 0.038674240995417816 0.038674240995417816 0.038674240995417816 
0.2009318033452948 0.046980665913534 0.23212216773059705 0.24372367207169995 0.13936721439614988 0.02737489530854486 0.02737489530854486 0.02737489530854486 0.02737489530854486 0.02737489530854486 
0.08170654784851572 0.1521614514954789 0.23720694543991547 0.03092028530883375 0.1983239470600005 0.2230929871166559 0.01914695893265001 0.01914695893265001 0.01914695893265001 0.01914695893265001 
0.002033294278216579 0.06106291733337263 0.21343908671645423 0.10962116125284327 0.1381131008277029 0.07921717738770526 0.09724114944759116 0.17747724803696913 0.060897432359572456 0.060897432359572456 
0.13426886543013936 0.21276551096940685 0.2280594982794664 0.10927715889527492 0.23139835911440207 0.016846121462262123 0.016846121462262123 0.016846121462262123 0.016846121462262123 0.016846121462262123 
0.14558557891749238 0.21588024655034874 0.09758007913152382 0.1752754841824181 0.1723795219725675 0.03865981784912991 0.03865981784912991 0.03865981784912991 0.03865981784912991 0.03865981784912991 
0.04630838287331275 0.09898907466390262 0.23645266583335237 0.10975860662948093 0.06757556483702955 0.0807828490320666 0.16039330142141273 0.06657985156981422 0.06657985156981422 0.06657985156981422 
0.21293813628644234 0.10429860556176612 0.1160813029206606 0.05558088242595227 0.24700051445387405 0.22191426498913402 0.010546573340542625 0.010546573340542625 0.010546573340542625 0.010546573340542625 
0.13444189573296245 0.2141825096299381 0.07105414877890104 0.15267748745070472 0.06129946461028385 0.053390210094729884 0.09163691237046642 0.07377245711067114 0.07377245711067114 0.07377245711067114 


0.020744672551628263 0.04268866351183423 0.043512531081783046 0.061539115396823496 0.22056361784253617 0.10683396075862553 0.1103698798035398 0.11499578997585727 0.23951610600876114 0.039235663068611176 
0.0214192347618182 0.16797682848006287 0.05311937795609831 0.17694125280012762 0.04199121423718191 0.16969227170112158 0.13613046475999624 0.07757645176786443 0.07757645176786443 0.07757645176786443 
0.15775429526057766 0.23647821843472597 0.021705548358754816 0.18409288470460192 0.2350274615850167 0.032988318331264636 0.032988318331264636 0.032988318331264636 0.032988318331264636 0.032988318331264636 
0.04663658457095088 0.07722577000958702 0.127482833850668 0.17424751884357995 0.2482408978004208 0.197732308482843 0.03210852161048759 0.03210852161048759 0.03210852161048759 0.03210852161048759 
0.017113805846472624 0.22800797168849427 0.13603073308704766 0.23595205458952098 0.09082411496889503 0.16195042376429136 0.03253022401381951 0.03253022401381951 0.03253022401381951 0.03253022401381951 
0.13260582433549153 0.23539636956479085 0.12858546618648295 0.04750226300050343 0.04177080090204927 0.06172406824023103 0.02980021174474793 0.06844119261257248 0.047663354632740275 0.20651044878039013 
0.005153821232566218 0.07711407862449862 0.1238245154731942 0.11017313700373718 0.10572158389615766 0.15686048428581878 0.03359891600348891 0.06042418383565126 0.24768113953795703 0.0794481401069301 
0.17962285152901614 0.19841456185184753 0.17813035635102661 0.07555623519310023 0.14659160600485655 0.04433687781403055 0.04433687781403055 0.04433687781403055 0.04433687781403055 0.04433687781403055 
0.11611478883991608 0.14635431398664037 0.040980927195586686 0.07665336451346139 0.12417368832678544 0.22433235067168816 0.07187442408324668 0.06650538079422508 0.06650538079422508 0.06650538079422508 
0.24613649448154426 0.08474048109641716 0.15246474139346747 0.07961602500909196 0.09951376332893785 0.14858134830024247 0.04723678659757475 0.04723678659757475 0.04723678659757475 0.04723678659757475 


0.09621930353869332 0.04137841629693815 0.1365550889506516 0.1019785876986267 0.06461647614716601 0.005936999792276193 0.14575620220854069 0.056788383994638515 0.09715393574597686 0.253616605626492 
0.22835858637020842 0.2039262519963478 0.09446219197052413 0.14210191360054583 0.0015378851726985713 0.2065839418868209 0.030757307250713517 0.030757307250713517 0.030757307250713517 0.030757307250713517 
0.12723558796812873 0.11578372266767534 0.13335648750584683 0.01467878759434263 0.2478876880707033 0.07290213043519173 0.22088962755759967 0.02242198940017061 0.02242198940017061 0.02242198940017061 
0.24972894881941007 0.2508851801882763 0.11844089985085121 0.21243236107709015 0.0280854350107287 0.0280854350107287 0.0280854350107287 0.0280854350107287 0.0280854350107287 0.0280854350107287 
0.11727617293984807 0.12218270844412532 0.08512625760566156 0.04314056251637516 0.10726972391447542 0.18585982170683252 0.09251235358227111 0.0822107997634703 0.0822107997634703 0.0822107997634703 
0.00874483237736362 0.18586633035774391 0.1391904656822527 0.21779859672780152 0.11766991697781512 0.016623894470666534 0.14419636386157675 0.056636533181593285 0.056636533181593285 0.056636533181593285 
0.09112976340634925 0.02887547995451926 0.02358319016629899 0.040786327287839805 0.13446679373416287 0.07102714651982443 0.1635351172895992 0.13338995503124157 0.17083968710405864 0.14236653950610603 
0.11508454093346687 0.1287252885093556 0.10074366428054382 0.06963747716435925 0.14928004720452467 0.21170093866390127 0.056207010810962174 0.056207010810962174 0.056207010810962174 0.056207010810962174 
0.22291654189663515 0.18257843230576065 0.03834688451032944 0.1572695988812126 0.05072038724264133 0.15004349099218198 0.04953116604280972 0.04953116604280972 0.04953116604280972 0.04953116604280972 
0.0851556904062653 0.13738988175227046 0.056704677009572074 0.08160210013042879 0.10081542302492053 0.09236567126546866 0.1935699070136549 0.1671274126974254 0.04263461834999689 0.04263461834999689 


0.20479972713503863 0.22149695329089608 0.19359635579846377 0.18271023587290888 0.03289945465044878 0.03289945465044878 0.03289945465044878 0.03289945465044878 0.03289945465044878 0.03289945465044878 
0.1805128704690812 0.022562007141344192 0.12042813178016569 0.22865002233675774 0.044281277029941044 0.19331250457620217 0.052563296666627006 0.052563296666627006 0.052563296666627006 0.052563296666627006 
0.02134403372309482 0.012416050867923079 0.2258825652549724 0.2259674351869569 0.17419544531961123 0.2291523773427583 0.027760523076170808 0.027760523076170808 0.027760523076170808 0.027760523076170808 
0.17769037857910525 0.21874592790005873 0.21691057378996917 0.04244085256016634 0.11833280913625521 0.045175891606889014 0.045175891606889014 0.045175891606889014 0.045175891606889014 0.045175891606889014 
0.019256700697908996 0.12163649006306432 0.11739716733856234 0.19123905743298386 0.1925488046304918 0.028906367820919404 0.13894993545319007 0.06335515885429309 0.06335515885429309 0.06335515885429309 
0.02614254673529437 0.0837850446401002 0.10261119557494702 0.21450230914850413 0.14117165876838508 0.10699975533636294 0.19595135389680046 0.042945378633201935 0.042945378633201935 0.042945378633201935 
0.16866476504922445 0.13233255413959344 0.04831049457973227 0.09526267703256416 0.074429580073198 0.06905866453413678 0.07441458447002516 0.17802417806427284 0.07975125102862646 0.07975125102862646 
0.1872446213218661 0.1646676438480374 0.22029503997535047 0.13662070212641417 0.07546937828704367 0.043140522888257586 0.043140522888257586 0.043140522888257586 0.043140522888257586 0.043140522888257586 
0.0170841537109859 0.09993374707596028 0.15197064598726662 0.2417151194474197 0.016586562270671706 0.2019794348610813 0.12132893430188604 0.04980046744824282 0.04980046744824282 0.04980046744824282 
0.10474363516894995 0.037195997556129776 0.09534868508166731 0.12138896592604544 0.040670012646284434 0.06777151824898515 0.15395080601970731 0.048425680018873055 0.24685455912767054 0.08365014020568705 


