Summary for 
Statistics_2.txt++++++++++++++++++++++++++++++++

For dataset A, the majority is :J

Accuracy with majority is : 0.146


For dataset B, the majority is :J

Accuracy with majority is : 0.124


Distribution for A

++++++++++++++++++++


Unigram

0.05926146970547284 0.161413076198642 0.12259507839364056 0.023325103696977115 0.03133056325359318 0.005496145880378077 0.1726922164582636 0.08061343999902908 0.1434707142755554 0.19980219213844802 
Bigram

0.18860758658982923 0.12841691533995855 0.17764174984252148 0.19223246721975107 0.12422740997608654 0.0377747742063706 0.0377747742063706 0.0377747742063706 0.0377747742063706 0.0377747742063706 
0.12399439676062567 0.08156320402413535 0.12486749989315601 0.11002408011491785 0.11097617640922515 0.09125824342750297 0.04208315902625208 0.04296899598115911 0.04100752228619342 0.2312567220768323 
0.1420030429071865 0.053263651219532894 0.07402965252989058 0.19683735176285264 0.09703293997339757 0.041239600741035894 0.1202943576661456 0.020477526059732763 0.07341137299493812 0.18141050414528756 
0.019515045216177473 0.05407197849009199 0.11909480851588748 0.05343345991035321 0.19481323805276785 0.20070635351439056 0.013650313216043208 0.023615381840095827 0.14570072185256538 0.1753986993916271 
0.05777275969531544 0.04842959112910043 0.07866594196832477 0.20217491360661285 0.026446468094827823 0.048486381590154615 0.08507564727964614 0.1337514078522334 0.09564357923697378 0.22355330954681074 
0.04982049372954918 0.17611994327768102 0.09400997193785188 0.1410042650775799 0.18373227221753272 0.1908362411313164 0.04111920315712219 0.04111920315712219 0.04111920315712219 0.04111920315712219 
0.14590552329861478 0.16499229559595208 0.12975510697454107 0.0019118021316608326 0.15716717800788826 0.13509475935749893 0.09192547054411543 0.05774928802990952 0.05774928802990952 0.05774928802990952 
0.16901577265032539 0.1317739113036579 0.11487125958060569 0.06309882174541462 0.16188182825884145 0.04905741967052462 0.052788306680403775 0.02010683173461929 0.03472368584166594 0.20268216253394133 
0.036672735057161086 0.07637775999728595 0.19682857999797235 0.12064928603719838 0.06831183959472271 0.046546997101360475 0.07915962871789742 0.0680344092165972 0.13020662156428722 0.1772121427155173 
0.14309171897993786 0.15259335982914282 0.046876301702374716 0.0791267779470124 0.0782795540015466 0.029157155125015974 0.034683507449479435 0.12973201576723997 0.10142510900678929 0.20503450019146088 

Trigram
0.13772960852867452 0.03814938189497583 0.17431981016531392 0.13741527153656508 0.09543184203233278 0.1638976461299868 0.1957940579662498 0.019087460581967162 0.019087460581967162 0.019087460581967162 
0.15186149184029377 0.14003368782488257 0.13025753105788995 0.09952422073485293 0.16627945107096787 0.12107873886213863 0.047741219652243615 0.047741219652243615 0.047741219652243615 0.047741219652243615 
0.050998095407958986 0.07814348170835667 0.02545594814487706 0.11364919721367078 0.11966517213740643 0.14665216217067126 0.08128345687366939 0.13618639506886945 0.030251972842234933 0.21771411843228508 
0.060812912848192124 0.06624115630837206 0.047257403393385175 0.17636364465377524 0.1753959055988461 0.03367307149970109 0.015847094943494743 0.14711599909983678 0.0711181954643649 0.20617461619003186 
0.1124429944847974 0.01860631724478772 0.028502932898440657 0.07587586444981878 0.15001146211004066 0.06536045111017759 0.04870787371319389 0.1267481764597383 0.17847477891107807 0.19526914861792696 
0.06558735044419858 0.1267881880315046 0.1842441157831371 0.010650076826158837 0.18313951024379713 0.0930365670516704 0.12584356396084553 0.060282378424360974 0.07521412461716342 0.07521412461716342 
0.14615077275788121 0.05424524534794827 0.061735151973154635 0.12924926793499514 0.029195534168068294 0.011759185922146698 0.16640470905286947 0.10098814138485128 0.19220646722815024 0.1080655242299348 
0.19760094449678015 0.19845057293073096 0.057167705694857296 0.1688975925908401 0.06588582803345527 0.12780501626212643 0.0460480849978024 0.0460480849978024 0.0460480849978024 0.0460480849978024 
0.1568784002324013 0.19923633324427767 0.14918474864279602 0.011004946138990212 0.19600566894901714 0.002765901631767552 0.01724995347148812 0.13500788958199653 0.06633307905363284 0.06633307905363284 
0.12031408879681758 0.17635835222486693 0.10036737974407392 0.05099827485530254 0.11144402573907199 0.009015301225809125 0.06129929509693088 0.14443179902785452 0.15873880864396814 0.06703267464530437 


0.08081223719987356 0.17540687119811052 0.04339893711405438 0.022768964782067337 0.1244960634129967 0.08241841851427298 0.18309865599431524 0.0686469390985612 0.1280700809591538 0.09088283172659406 
0.027333792865094953 0.1592082124065994 0.15791486301462976 0.1088794064098768 0.1162097955283107 0.18881425018537032 0.10715673415373056 0.044827648478795876 0.044827648478795876 0.044827648478795876 
0.012356891740876529 0.1481268991559191 0.19825081110677661 0.018453260319854614 0.07043712579679154 0.11330832512220299 0.053716243622698154 0.1355956475563454 0.17003751795331012 0.07971727762522496 
0.12003797985712827 0.18034640682968742 0.11860440607079697 0.1759102244312938 0.013748122194512867 0.13460071503216653 0.12443460388625054 0.04410584723272115 0.04410584723272115 0.04410584723272115 
0.09934465045980038 0.016770939919318793 0.19955758931855472 0.054504410525853975 0.03554267775914488 0.11431257169490047 0.169980408147392 0.1317177512030516 0.0891345004859916 0.0891345004859916 
0.11552640627053753 0.06675970986874895 0.058076100309993973 0.14035152463119524 0.17917212558216955 0.12358615424742274 0.07268261517494432 0.13620931239838255 0.05381802575830245 0.05381802575830245 
0.07271362989375933 0.03543959536726504 0.005915243232804634 0.08661603615199494 0.1266567430250532 0.09955224192781517 0.12077756040623626 0.16375118359333626 0.14096148892364418 0.14761627747809086 
0.03727959323535335 0.15780194254131494 0.023302002297008205 0.18386982172879235 0.02223658192830986 0.15401652375583533 0.016698961731624017 0.02603737610428174 0.17122767746158435 0.20752951921589569 
0.04300200102978404 0.19070172698801713 0.12482792348899252 0.1337846780817972 0.10862891264493799 0.03487046915503609 0.15763351338593937 0.16086103803036525 0.02284486859756516 0.02284486859756516 
0.11452061712842299 0.1365562073300946 0.09950280214835401 0.0862544491160591 0.15945575479577895 0.0022286455563833344 0.1999039456403476 0.10876345312369784 0.0464070625804308 0.0464070625804308 


0.15650590158004068 0.10815948524888101 0.17173558902448727 0.17621740587642706 0.1124285429574762 0.1684742749773578 0.026619700083832486 0.026619700083832486 0.026619700083832486 0.026619700083832486 
0.174849427109853 0.03510198089171519 0.1716839065058983 0.17724119131311789 0.07084886627977449 0.03712669136797071 0.05920394523351398 0.040961269344131135 0.023336084195215556 0.20964663775880976 
0.12110203900920027 0.07181369464000682 0.10686034101057076 0.08094544948331157 0.10781895083311957 0.05881201785448183 0.03222560579685672 0.04373313696985424 0.14922103763846722 0.2274677267641309 
0.18190553811087132 0.1206828868044141 0.1650769749368194 0.13675207363796585 0.12607049455993563 0.1926325391786932 0.01921987319282508 0.01921987319282508 0.01921987319282508 0.01921987319282508 
0.09006543668377376 0.15137389952417638 0.13883771473822792 0.19290012215629895 0.13932003544192412 0.0395251673759686 0.05352611256808228 0.06481717050384934 0.06481717050384934 0.06481717050384934 
0.08084712138636951 0.08452446329034016 0.05583495448513982 0.10773835110452308 0.07261222874219209 0.05104797574120403 0.19827601264569236 0.022028676762055933 0.11865573395524905 0.20843448188723407 
0.08589627766001226 0.1408222091734631 0.06486111121591516 0.17226225996378036 0.18419946421094843 0.11162613429993266 0.03482301870030156 0.07980591967620718 0.06285180254971962 0.06285180254971962 
0.1235729101378421 0.1818448849965694 0.06417211552671072 0.1419084146952193 0.17643429841412 0.1426056265320725 0.042365437424366555 0.042365437424366555 0.042365437424366555 0.042365437424366555 
0.067365158387878 0.02247887777399471 0.13266867490299453 0.10258774570148277 0.10954304530098928 0.18700155418344577 0.10164711067462255 0.19239755835977615 0.042155137357408126 0.042155137357408126 
0.1319761608257426 0.05057493394536394 0.07234930219466709 0.15830691297755117 0.0906233061794773 0.16160166855595068 0.036073506386697526 0.08695604414835853 0.011320367161705525 0.2002177976244857 


0.1071227125286236 0.1130536887977897 0.17727475851983227 0.05526035158121936 0.19797697267217906 0.04596326077420201 0.10126743091192496 0.18456455745969685 0.008758133377266109 0.008758133377266109 
0.1762350732809505 0.0015788035976944661 0.10369107040994173 0.12053167686017552 0.10314143726474685 0.18442332125326696 0.010442071678818521 0.14822785504289512 0.07586434530575525 0.07586434530575525 
0.04493268415581837 0.07807217134713099 0.1785246164524653 0.19722969405702306 0.1819883187791385 0.07139617291688483 0.1501167460620386 0.03257986540983344 0.03257986540983344 0.03257986540983344 
0.2001483152427369 0.15648052952467975 0.022518527877394792 0.06568523957694573 0.08416724190896316 0.1910091674228998 0.07175222127741476 0.0682976673113061 0.0699705449288294 0.0699705449288294 
0.050481852387558646 0.1788685713268074 0.13795637918323828 0.027053816323956092 0.06520323609698772 0.15305197863370992 0.08859626867255022 0.11765204525122604 0.09056792606198286 0.09056792606198286 
0.17319185772468781 0.03427449482464329 0.12801752397527807 0.09615256045291116 0.1912881118833592 0.052803056898024024 0.13373730475756127 0.0635116964945117 0.0635116964945117 0.0635116964945117 
0.035726209701558514 0.02275838304869293 0.14065067668928774 0.05939087779763095 0.08480400996427012 0.12883933584551885 0.09752848753874122 0.12722817811848403 0.08113581469115501 0.2219380266046607 
0.15817638038370416 0.15359085759945065 0.11685313463429602 0.17470763034378137 0.006812131026514644 0.05122183378421942 0.16601464836932564 0.05754112795290274 0.05754112795290274 0.05754112795290274 
0.03710963628620996 0.0662033825901573 0.13524165268701951 0.18453625602287102 0.04376288154767551 0.08434555855209233 0.12158025456268744 0.06527384368057129 0.04742065001115299 0.21452588405956255 
0.1340232183490504 0.09738037258274393 0.12642891756966146 0.1534804618212655 0.15126551152058354 0.13722078466126247 0.05005018337385822 0.05005018337385822 0.05005018337385822 0.05005018337385822 


0.0481535019568218 0.010377910791770882 0.16413248476234985 0.14040783420261357 0.07256234546919534 0.05559889442895054 0.044602019865576124 0.15456446047803024 0.10442765158158605 0.20517289646310563 
0.025892548138299932 0.12313749720822577 0.031931069391684885 0.029488900830017983 0.10575462263387253 0.18461720956080085 0.006293661309206343 0.17381137591843188 0.1172159605876935 0.20185715442176635 
0.14726379788581315 0.07207315755338099 0.19747551026507035 0.08635978733347455 0.03358963053495093 0.18743486464752762 0.10569904172592272 0.05670140335128661 0.05670140335128661 0.05670140335128661 
0.17322587467240405 0.14283858888057963 0.18953261160830606 0.04541887925380011 0.11269364318687808 0.13494948037334992 0.0018916887971253563 0.06648307774251887 0.06648307774251887 0.06648307774251887 
0.09793930956321568 0.1555560319154395 0.011969861894563283 0.0766582104761416 0.10594546473198012 0.011448007479826414 0.1224188670562121 0.09834404478907502 0.12232391967260785 0.19739628242093837 
0.10398533179574673 0.04957156862185608 0.05851871962396686 0.020049525036921968 0.06624422684072521 0.1733608651934596 0.18015764101929183 0.033838036336064456 0.09510071506344528 0.21917337046852198 
0.1267040797626652 0.04479878264323282 0.06182622867577368 0.028920976512494145 0.08450010153492009 0.10801592342115487 0.09474901349113571 0.07878000585735534 0.14917437789966428 0.22253051020160391 
0.15970818386631355 0.08738825387044347 0.08103032606831481 0.038581576360116075 0.058884044725514006 0.15107332263077827 0.18120121594256383 0.17694740677344042 0.03259283488125776 0.03259283488125776 
0.158368653424282 0.16672341733174414 0.14797128891328545 0.03046268739245086 0.06259765035356768 0.02117010475160621 0.09875481361015728 0.016936761080775888 0.17060310129886902 0.12641152184326154 
0.17055971999221653 0.1280705327645915 0.15915593238136969 0.14231852306271206 0.11321939811133608 0.14363788168095215 0.035759503001705495 0.035759503001705495 0.035759503001705495 0.035759503001705495 


0.07432218472447731 0.009745307197501184 0.07815549579605538 0.1546303154351885 0.04203749267101734 0.20089382957663005 0.15937150368149194 0.1511273312413287 0.06485826983815483 0.06485826983815483 
0.11468082244017873 0.13596589343258475 0.07159073083629602 0.10645461234406003 0.16356344395888256 0.01729077974975487 0.0829842414556548 0.10282133538787314 0.04959305204701917 0.15505508834769602 
0.06041525387731204 0.1939358327852893 0.0843499289065733 0.185023466513016 0.18082655155135005 0.0052649107493714315 0.05821843188501021 0.17897868676492873 0.026493468483574492 0.026493468483574492 
0.05431309323479816 0.09246126305258229 0.12355932051203612 0.12926785563021018 0.1730787493883779 0.037734109178163444 0.14990896687751126 0.08528316202248565 0.07719674005191746 0.07719674005191746 
0.14281416516061346 0.1394732212380307 0.1125883380081045 0.11630016444394142 0.19297971142634762 0.12157618140308353 0.04356705457996969 0.04356705457996969 0.04356705457996969 0.04356705457996969 
0.15467176724267714 0.053672366730186 0.07241357765430706 0.17080652358547505 0.11005699848110757 0.15293893553822407 0.0054432947128745905 0.062264029778629014 0.13720424784946741 0.08052825842705233 
0.07643672126826406 0.07341615907652556 0.11982992200857491 0.05103977940700597 0.05556308785496529 0.13842208338952502 0.18639299807006074 0.03678307385736714 0.05351676374749257 0.20859941132021867 
0.09162168961782391 0.12252845556330873 0.09295951545128342 0.08026798743542553 0.16377508720267778 0.052499881323302786 0.09895668488784189 0.08314790875087774 0.007124951341472906 0.2071178384259852 
0.19209052354927356 0.18926392399583075 0.08474721117562868 0.05819134459941139 0.06788583887542703 0.10390309440753573 0.04709532493309315 0.12999850071486094 0.06341211887446943 0.06341211887446943 
0.11416780387133374 0.06415201471866595 0.02213814664739211 0.13072054200840375 0.12456434158595192 0.055138861525773346 0.15818171346970442 0.2007266860293176 0.0651049450717285 0.0651049450717285 


0.1324937295405626 0.01951118605366815 0.15728670855061885 0.11996878361039098 0.056695573904777044 0.17419334180804752 0.11862384453996697 0.08473383692384968 0.06824649753405904 0.06824649753405904 
0.04500730720401245 0.1114235555958641 0.039286323014057725 0.15212446347834027 0.02659799568237977 0.17141119882596045 0.16159548502176888 0.040165900740296176 0.04861207386287214 0.203775696574448 
0.07273273544265506 0.047518009322696744 0.1524851566623242 0.0895963318842862 0.054561760410166804 0.012218170559546125 0.1073670319393838 0.15707135634711006 0.10107317128838549 0.20537627614344572 
0.13651508108244523 0.09343434384897432 0.07199992580322978 0.05652251729047805 0.012472430289073966 0.13531884703243224 0.03131302526323019 0.14534762997914036 0.10902383206255914 0.2080523673484368 
0.04977042224096142 0.021937536801679737 0.13839452397264226 0.12902944525325113 0.17698728820986734 0.044207210549799814 0.1526194395144615 0.034938788873484054 0.055673610251882735 0.19644173433196993 
0.18016110526473383 0.15908138572395886 0.07383040221058156 0.20028705828500432 0.15812482238820974 0.10606524392138059 0.030612495551532802 0.030612495551532802 0.030612495551532802 0.030612495551532802 
0.08847854365121452 0.05850720861620786 0.15784575979200066 0.062299109861046385 0.1582156403811141 0.1600378955473511 0.09639223822172605 0.05165758245381265 0.08328301073776326 0.08328301073776326 
0.17062374037032638 0.1460259603995051 0.19656604918331042 0.18274543980091992 0.16537280778538077 0.027733200492111525 0.027733200492111525 0.027733200492111525 0.027733200492111525 0.027733200492111525 
0.11173896206725506 0.17315395561951175 0.14992308744364827 0.14115739958732404 0.19137740422440272 0.17912404267130608 0.013381287096638023 0.013381287096638023 0.013381287096638023 0.013381287096638023 
0.1515136763348506 0.02765915934053753 0.1599851218510302 0.18228233373213584 0.16322302326465515 0.10909262984300669 0.10544890068438 0.033598384983134603 0.033598384983134603 0.033598384983134603 


0.16684473342645756 0.07049596558001266 0.15390276705553396 0.08896049259424678 0.08863052865261034 0.02383910171388448 0.0870220124978245 0.08949508780170387 0.02312095894803561 0.20768835172969025 
0.1424857263022894 0.12033756826938276 0.10715171096615599 0.009723453027288095 0.11206878802719966 0.14087186502147717 0.01062526531304133 0.07195449329825931 0.08245840390505636 0.2023227258698499 
0.044037022165739105 0.03068127906129612 0.11234379530838219 0.12548841993628737 0.11937088776083216 0.1905721622190165 0.1813535830838402 0.06538428348820209 0.06538428348820209 0.06538428348820209 
0.137631177446332 0.09531319760855136 0.19511476713916437 0.15926167007619657 0.11655376894239386 0.14505532481490857 0.03776752349311331 0.03776752349311331 0.03776752349311331 0.03776752349311331 
0.003869858790947588 0.10344946764757215 0.046104785578559106 0.1029306216244608 0.16641434116439724 0.06206190332270638 0.07021733884100914 0.15234628715873497 0.1153379047312052 0.17726749114040752 
0.08352279692635026 0.18806070652496187 0.157015462506989 0.035163517801050426 0.023589793152636852 0.05626394882245862 0.0826422153005438 0.15655678066105952 0.10734400798477148 0.10984077031917816 
0.11702426057371648 0.04270053319817738 0.05491274233389191 0.04381773986494639 0.16228940348049878 0.16103351803456417 0.06689261187280468 0.15521522267745302 0.09805698398197361 0.09805698398197361 
0.19061336648065572 0.0689270186558835 0.0011974774178420847 0.13595094222563212 0.1746296419298446 0.10862644578097355 0.1299327121254972 0.06337413179455711 0.06337413179455711 0.06337413179455711 
0.14681969389190536 0.010551696705063994 0.18887710446928 0.07017853426925155 0.08008282129598489 0.13667414386383106 0.05040094194481568 0.10162883049510633 0.10331683000916052 0.1114694030556004 
0.19621068254542756 0.042366633424484414 0.02483372921295266 0.03445454812772832 0.17972045722507315 0.13555876257010885 0.13128785149609515 0.0712574525235376 0.09215494143729604 0.09215494143729604 


0.1764554068399004 0.04210069454446828 0.11002850756759452 0.1737444483864792 0.019695786109431058 0.09081852020356908 0.005058813992369292 0.042899282690725786 0.13520348369169263 0.20399505597376968 
0.17684784979175627 0.13479759753001364 0.009321636808917667 0.052986632255028726 0.18451741834005664 0.17612179875826728 0.007115255940189313 0.03717083264508107 0.019629809160399313 0.20149116877029005 
0.028140431917914356 0.14719245316973975 0.16271702655318113 0.06656667223186492 0.035602773906340215 0.138106832594727 0.02681730941596583 0.15765835067796471 0.035972159019439884 0.20122599051286233 
0.14723827175687662 0.11832433614414412 0.08562368093858942 0.18316579366842548 0.037063936342655084 0.08390976443331537 0.10742241786456949 0.1246841232898642 0.056283837780780006 0.056283837780780006 
0.18217880177927867 0.17137658353910953 0.004815829372109247 0.17634128147106454 0.1675849209386015 0.19287709001069475 0.02620637322228543 0.02620637322228543 0.02620637322228543 0.02620637322228543 
0.12402568831745697 0.0876141118808339 0.07349407993719348 0.18147631637140998 0.1787503092826424 0.17834984525857367 0.04407241223797241 0.04407241223797241 0.04407241223797241 0.04407241223797241 
0.10534333108064413 0.16990189304023343 0.0765838165056655 0.11997806752908792 0.09171282615584168 0.07092074163815007 0.14478507394759935 0.1814112600265363 0.019681495038120743 0.019681495038120743 
0.16006752965582152 0.040157350293722985 0.07426925727109249 0.020905445516308508 0.04495120144737763 0.16643684829704203 0.1277323882791476 0.10806172187967913 0.12729546549167653 0.13012279186813164 
0.01870916316938842 0.07893167214028085 0.1766802656259327 0.014740844648351258 0.08329883521424201 0.07246034256135692 0.025305061078266577 0.1604059782136286 0.15909102899035088 0.2103768083582016 
0.1510447728543387 0.1033494932487202 0.14214087439874407 0.12036710094791758 0.017685938246243184 0.08019763818400716 0.14373339242062536 0.026325923683365882 0.07458586097373425 0.14056900504230344 


0.0817562401665701 0.13434698488946936 0.03206968339539024 0.041196656487361906 0.008990715754040358 0.08524704488692439 0.16797829862279323 0.1867820053102192 0.139082411905985 0.12254995858124615 
0.017684130197778904 0.17254419876176388 0.09013445802007355 0.1097761770629444 0.06478136576090898 0.14088200804258383 0.08085937959287921 0.19519000172300435 0.06407414041903144 0.06407414041903144 
0.05175146207919368 0.022953493585484198 0.15307508519449534 0.17471044935649785 0.17735349018726929 0.024619598558518342 0.0844958115396508 0.13250984611657662 0.08926538169115697 0.08926538169115697 
0.12428853776449375 0.10183389438592587 0.00904813156652402 0.10550931010494155 0.17748466463653367 0.1996583046223943 0.08183994198709772 0.06677907164402969 0.06677907164402969 0.06677907164402969 
0.13584819210256247 0.07655134618357276 0.08794372029552854 0.19435605541948145 0.08307060368994257 0.131672856314983 0.12570561539438138 0.054950536866516006 0.054950536866516006 0.054950536866516006 
0.05096892388994081 0.03503451158559512 0.0918072469700956 0.11521752653464404 0.07563462779592933 0.16128841993977827 0.17645170035103688 0.15876453673736163 0.06741625309780921 0.06741625309780921 
0.1950154668695766 0.033530045969148506 0.2009424728111497 0.12770378989295214 0.16368582609268847 0.10784152155127205 0.04282021920330311 0.04282021920330311 0.04282021920330311 0.04282021920330311 
0.1233451506313562 0.02011590665840548 0.03190782255612381 0.11312495520365787 0.12528499694277875 0.18439248835369315 0.12868880923080017 0.016904579521120233 0.04434088298932096 0.2118944079127435 
0.19391646043678823 0.05659444596286425 0.14097142936250084 0.02957972906245838 0.12411470305747327 0.14919469517850475 0.011302330831489703 0.19580019743313865 0.04926300433739095 0.04926300433739095 
0.09507447505346443 0.08813266784432643 0.09462251017232658 0.0219284228876371 0.1540193515381125 0.10472536431482715 0.08726723648983829 0.0751350917807263 0.06912214852345022 0.20997273139529116 


Distribution for A
++++++++++++++++++++

Unigram
0.05926146970547284 0.161413076198642 0.12259507839364056 0.023325103696977115 0.03133056325359318 0.005496145880378077 0.1726922164582636 0.08061343999902908 0.1434707142755554 0.19980219213844802 
Bigram
0.18860758658982923 0.12841691533995855 0.17764174984252148 0.19223246721975107 0.12422740997608654 0.0377747742063706 0.0377747742063706 0.0377747742063706 0.0377747742063706 0.0377747742063706 
0.12399439676062567 0.08156320402413535 0.12486749989315601 0.11002408011491785 0.11097617640922515 0.09125824342750297 0.04208315902625208 0.04296899598115911 0.04100752228619342 0.2312567220768323 
0.1420030429071865 0.053263651219532894 0.07402965252989058 0.19683735176285264 0.09703293997339757 0.041239600741035894 0.1202943576661456 0.020477526059732763 0.07341137299493812 0.18141050414528756 
0.019515045216177473 0.05407197849009199 0.11909480851588748 0.05343345991035321 0.19481323805276785 0.20070635351439056 0.013650313216043208 0.023615381840095827 0.14570072185256538 0.1753986993916271 
0.05777275969531544 0.04842959112910043 0.07866594196832477 0.20217491360661285 0.026446468094827823 0.048486381590154615 0.08507564727964614 0.1337514078522334 0.09564357923697378 0.22355330954681074 
0.04982049372954918 0.17611994327768102 0.09400997193785188 0.1410042650775799 0.18373227221753272 0.1908362411313164 0.04111920315712219 0.04111920315712219 0.04111920315712219 0.04111920315712219 
0.14590552329861478 0.16499229559595208 0.12975510697454107 0.0019118021316608326 0.15716717800788826 0.13509475935749893 0.09192547054411543 0.05774928802990952 0.05774928802990952 0.05774928802990952 
0.16901577265032539 0.1317739113036579 0.11487125958060569 0.06309882174541462 0.16188182825884145 0.04905741967052462 0.052788306680403775 0.02010683173461929 0.03472368584166594 0.20268216253394133 
0.036672735057161086 0.07637775999728595 0.19682857999797235 0.12064928603719838 0.06831183959472271 0.046546997101360475 0.07915962871789742 0.0680344092165972 0.13020662156428722 0.1772121427155173 
0.14309171897993786 0.15259335982914282 0.046876301702374716 0.0791267779470124 0.0782795540015466 0.029157155125015974 0.034683507449479435 0.12973201576723997 0.10142510900678929 0.20503450019146088 

Trigram
0.13772960852867452 0.03814938189497583 0.17431981016531392 0.13741527153656508 0.09543184203233278 0.1638976461299868 0.1957940579662498 0.019087460581967162 0.019087460581967162 0.019087460581967162 
0.15186149184029377 0.14003368782488257 0.13025753105788995 0.09952422073485293 0.16627945107096787 0.12107873886213863 0.047741219652243615 0.047741219652243615 0.047741219652243615 0.047741219652243615 
0.050998095407958986 0.07814348170835667 0.02545594814487706 0.11364919721367078 0.11966517213740643 0.14665216217067126 0.08128345687366939 0.13618639506886945 0.030251972842234933 0.21771411843228508 
0.060812912848192124 0.06624115630837206 0.047257403393385175 0.17636364465377524 0.1753959055988461 0.03367307149970109 0.015847094943494743 0.14711599909983678 0.0711181954643649 0.20617461619003186 
0.1124429944847974 0.01860631724478772 0.028502932898440657 0.07587586444981878 0.15001146211004066 0.06536045111017759 0.04870787371319389 0.1267481764597383 0.17847477891107807 0.19526914861792696 
0.06558735044419858 0.1267881880315046 0.1842441157831371 0.010650076826158837 0.18313951024379713 0.0930365670516704 0.12584356396084553 0.060282378424360974 0.07521412461716342 0.07521412461716342 
0.14615077275788121 0.05424524534794827 0.061735151973154635 0.12924926793499514 0.029195534168068294 0.011759185922146698 0.16640470905286947 0.10098814138485128 0.19220646722815024 0.1080655242299348 
0.19760094449678015 0.19845057293073096 0.057167705694857296 0.1688975925908401 0.06588582803345527 0.12780501626212643 0.0460480849978024 0.0460480849978024 0.0460480849978024 0.0460480849978024 
0.1568784002324013 0.19923633324427767 0.14918474864279602 0.011004946138990212 0.19600566894901714 0.002765901631767552 0.01724995347148812 0.13500788958199653 0.06633307905363284 0.06633307905363284 
0.12031408879681758 0.17635835222486693 0.10036737974407392 0.05099827485530254 0.11144402573907199 0.009015301225809125 0.06129929509693088 0.14443179902785452 0.15873880864396814 0.06703267464530437 


0.08081223719987356 0.17540687119811052 0.04339893711405438 0.022768964782067337 0.1244960634129967 0.08241841851427298 0.18309865599431524 0.0686469390985612 0.1280700809591538 0.09088283172659406 
0.027333792865094953 0.1592082124065994 0.15791486301462976 0.1088794064098768 0.1162097955283107 0.18881425018537032 0.10715673415373056 0.044827648478795876 0.044827648478795876 0.044827648478795876 
0.012356891740876529 0.1481268991559191 0.19825081110677661 0.018453260319854614 0.07043712579679154 0.11330832512220299 0.053716243622698154 0.1355956475563454 0.17003751795331012 0.07971727762522496 
0.12003797985712827 0.18034640682968742 0.11860440607079697 0.1759102244312938 0.013748122194512867 0.13460071503216653 0.12443460388625054 0.04410584723272115 0.04410584723272115 0.04410584723272115 
0.09934465045980038 0.016770939919318793 0.19955758931855472 0.054504410525853975 0.03554267775914488 0.11431257169490047 0.169980408147392 0.1317177512030516 0.0891345004859916 0.0891345004859916 
0.11552640627053753 0.06675970986874895 0.058076100309993973 0.14035152463119524 0.17917212558216955 0.12358615424742274 0.07268261517494432 0.13620931239838255 0.05381802575830245 0.05381802575830245 
0.07271362989375933 0.03543959536726504 0.005915243232804634 0.08661603615199494 0.1266567430250532 0.09955224192781517 0.12077756040623626 0.16375118359333626 0.14096148892364418 0.14761627747809086 
0.03727959323535335 0.15780194254131494 0.023302002297008205 0.18386982172879235 0.02223658192830986 0.15401652375583533 0.016698961731624017 0.02603737610428174 0.17122767746158435 0.20752951921589569 
0.04300200102978404 0.19070172698801713 0.12482792348899252 0.1337846780817972 0.10862891264493799 0.03487046915503609 0.15763351338593937 0.16086103803036525 0.02284486859756516 0.02284486859756516 
0.11452061712842299 0.1365562073300946 0.09950280214835401 0.0862544491160591 0.15945575479577895 0.0022286455563833344 0.1999039456403476 0.10876345312369784 0.0464070625804308 0.0464070625804308 


0.15650590158004068 0.10815948524888101 0.17173558902448727 0.17621740587642706 0.1124285429574762 0.1684742749773578 0.026619700083832486 0.026619700083832486 0.026619700083832486 0.026619700083832486 
0.174849427109853 0.03510198089171519 0.1716839065058983 0.17724119131311789 0.07084886627977449 0.03712669136797071 0.05920394523351398 0.040961269344131135 0.023336084195215556 0.20964663775880976 
0.12110203900920027 0.07181369464000682 0.10686034101057076 0.08094544948331157 0.10781895083311957 0.05881201785448183 0.03222560579685672 0.04373313696985424 0.14922103763846722 0.2274677267641309 
0.18190553811087132 0.1206828868044141 0.1650769749368194 0.13675207363796585 0.12607049455993563 0.1926325391786932 0.01921987319282508 0.01921987319282508 0.01921987319282508 0.01921987319282508 
0.09006543668377376 0.15137389952417638 0.13883771473822792 0.19290012215629895 0.13932003544192412 0.0395251673759686 0.05352611256808228 0.06481717050384934 0.06481717050384934 0.06481717050384934 
0.08084712138636951 0.08452446329034016 0.05583495448513982 0.10773835110452308 0.07261222874219209 0.05104797574120403 0.19827601264569236 0.022028676762055933 0.11865573395524905 0.20843448188723407 
0.08589627766001226 0.1408222091734631 0.06486111121591516 0.17226225996378036 0.18419946421094843 0.11162613429993266 0.03482301870030156 0.07980591967620718 0.06285180254971962 0.06285180254971962 
0.1235729101378421 0.1818448849965694 0.06417211552671072 0.1419084146952193 0.17643429841412 0.1426056265320725 0.042365437424366555 0.042365437424366555 0.042365437424366555 0.042365437424366555 
0.067365158387878 0.02247887777399471 0.13266867490299453 0.10258774570148277 0.10954304530098928 0.18700155418344577 0.10164711067462255 0.19239755835977615 0.042155137357408126 0.042155137357408126 
0.1319761608257426 0.05057493394536394 0.07234930219466709 0.15830691297755117 0.0906233061794773 0.16160166855595068 0.036073506386697526 0.08695604414835853 0.011320367161705525 0.2002177976244857 


0.1071227125286236 0.1130536887977897 0.17727475851983227 0.05526035158121936 0.19797697267217906 0.04596326077420201 0.10126743091192496 0.18456455745969685 0.008758133377266109 0.008758133377266109 
0.1762350732809505 0.0015788035976944661 0.10369107040994173 0.12053167686017552 0.10314143726474685 0.18442332125326696 0.010442071678818521 0.14822785504289512 0.07586434530575525 0.07586434530575525 
0.04493268415581837 0.07807217134713099 0.1785246164524653 0.19722969405702306 0.1819883187791385 0.07139617291688483 0.1501167460620386 0.03257986540983344 0.03257986540983344 0.03257986540983344 
0.2001483152427369 0.15648052952467975 0.022518527877394792 0.06568523957694573 0.08416724190896316 0.1910091674228998 0.07175222127741476 0.0682976673113061 0.0699705449288294 0.0699705449288294 
0.050481852387558646 0.1788685713268074 0.13795637918323828 0.027053816323956092 0.06520323609698772 0.15305197863370992 0.08859626867255022 0.11765204525122604 0.09056792606198286 0.09056792606198286 
0.17319185772468781 0.03427449482464329 0.12801752397527807 0.09615256045291116 0.1912881118833592 0.052803056898024024 0.13373730475756127 0.0635116964945117 0.0635116964945117 0.0635116964945117 
0.035726209701558514 0.02275838304869293 0.14065067668928774 0.05939087779763095 0.08480400996427012 0.12883933584551885 0.09752848753874122 0.12722817811848403 0.08113581469115501 0.2219380266046607 
0.15817638038370416 0.15359085759945065 0.11685313463429602 0.17470763034378137 0.006812131026514644 0.05122183378421942 0.16601464836932564 0.05754112795290274 0.05754112795290274 0.05754112795290274 
0.03710963628620996 0.0662033825901573 0.13524165268701951 0.18453625602287102 0.04376288154767551 0.08434555855209233 0.12158025456268744 0.06527384368057129 0.04742065001115299 0.21452588405956255 
0.1340232183490504 0.09738037258274393 0.12642891756966146 0.1534804618212655 0.15126551152058354 0.13722078466126247 0.05005018337385822 0.05005018337385822 0.05005018337385822 0.05005018337385822 


0.0481535019568218 0.010377910791770882 0.16413248476234985 0.14040783420261357 0.07256234546919534 0.05559889442895054 0.044602019865576124 0.15456446047803024 0.10442765158158605 0.20517289646310563 
0.025892548138299932 0.12313749720822577 0.031931069391684885 0.029488900830017983 0.10575462263387253 0.18461720956080085 0.006293661309206343 0.17381137591843188 0.1172159605876935 0.20185715442176635 
0.14726379788581315 0.07207315755338099 0.19747551026507035 0.08635978733347455 0.03358963053495093 0.18743486464752762 0.10569904172592272 0.05670140335128661 0.05670140335128661 0.05670140335128661 
0.17322587467240405 0.14283858888057963 0.18953261160830606 0.04541887925380011 0.11269364318687808 0.13494948037334992 0.0018916887971253563 0.06648307774251887 0.06648307774251887 0.06648307774251887 
0.09793930956321568 0.1555560319154395 0.011969861894563283 0.0766582104761416 0.10594546473198012 0.011448007479826414 0.1224188670562121 0.09834404478907502 0.12232391967260785 0.19739628242093837 
0.10398533179574673 0.04957156862185608 0.05851871962396686 0.020049525036921968 0.06624422684072521 0.1733608651934596 0.18015764101929183 0.033838036336064456 0.09510071506344528 0.21917337046852198 
0.1267040797626652 0.04479878264323282 0.06182622867577368 0.028920976512494145 0.08450010153492009 0.10801592342115487 0.09474901349113571 0.07878000585735534 0.14917437789966428 0.22253051020160391 
0.15970818386631355 0.08738825387044347 0.08103032606831481 0.038581576360116075 0.058884044725514006 0.15107332263077827 0.18120121594256383 0.17694740677344042 0.03259283488125776 0.03259283488125776 
0.158368653424282 0.16672341733174414 0.14797128891328545 0.03046268739245086 0.06259765035356768 0.02117010475160621 0.09875481361015728 0.016936761080775888 0.17060310129886902 0.12641152184326154 
0.17055971999221653 0.1280705327645915 0.15915593238136969 0.14231852306271206 0.11321939811133608 0.14363788168095215 0.035759503001705495 0.035759503001705495 0.035759503001705495 0.035759503001705495 


0.07432218472447731 0.009745307197501184 0.07815549579605538 0.1546303154351885 0.04203749267101734 0.20089382957663005 0.15937150368149194 0.1511273312413287 0.06485826983815483 0.06485826983815483 
0.11468082244017873 0.13596589343258475 0.07159073083629602 0.10645461234406003 0.16356344395888256 0.01729077974975487 0.0829842414556548 0.10282133538787314 0.04959305204701917 0.15505508834769602 
0.06041525387731204 0.1939358327852893 0.0843499289065733 0.185023466513016 0.18082655155135005 0.0052649107493714315 0.05821843188501021 0.17897868676492873 0.026493468483574492 0.026493468483574492 
0.05431309323479816 0.09246126305258229 0.12355932051203612 0.12926785563021018 0.1730787493883779 0.037734109178163444 0.14990896687751126 0.08528316202248565 0.07719674005191746 0.07719674005191746 
0.14281416516061346 0.1394732212380307 0.1125883380081045 0.11630016444394142 0.19297971142634762 0.12157618140308353 0.04356705457996969 0.04356705457996969 0.04356705457996969 0.04356705457996969 
0.15467176724267714 0.053672366730186 0.07241357765430706 0.17080652358547505 0.11005699848110757 0.15293893553822407 0.0054432947128745905 0.062264029778629014 0.13720424784946741 0.08052825842705233 
0.07643672126826406 0.07341615907652556 0.11982992200857491 0.05103977940700597 0.05556308785496529 0.13842208338952502 0.18639299807006074 0.03678307385736714 0.05351676374749257 0.20859941132021867 
0.09162168961782391 0.12252845556330873 0.09295951545128342 0.08026798743542553 0.16377508720267778 0.052499881323302786 0.09895668488784189 0.08314790875087774 0.007124951341472906 0.2071178384259852 
0.19209052354927356 0.18926392399583075 0.08474721117562868 0.05819134459941139 0.06788583887542703 0.10390309440753573 0.04709532493309315 0.12999850071486094 0.06341211887446943 0.06341211887446943 
0.11416780387133374 0.06415201471866595 0.02213814664739211 0.13072054200840375 0.12456434158595192 0.055138861525773346 0.15818171346970442 0.2007266860293176 0.0651049450717285 0.0651049450717285 


0.1324937295405626 0.01951118605366815 0.15728670855061885 0.11996878361039098 0.056695573904777044 0.17419334180804752 0.11862384453996697 0.08473383692384968 0.06824649753405904 0.06824649753405904 
0.04500730720401245 0.1114235555958641 0.039286323014057725 0.15212446347834027 0.02659799568237977 0.17141119882596045 0.16159548502176888 0.040165900740296176 0.04861207386287214 0.203775696574448 
0.07273273544265506 0.047518009322696744 0.1524851566623242 0.0895963318842862 0.054561760410166804 0.012218170559546125 0.1073670319393838 0.15707135634711006 0.10107317128838549 0.20537627614344572 
0.13651508108244523 0.09343434384897432 0.07199992580322978 0.05652251729047805 0.012472430289073966 0.13531884703243224 0.03131302526323019 0.14534762997914036 0.10902383206255914 0.2080523673484368 
0.04977042224096142 0.021937536801679737 0.13839452397264226 0.12902944525325113 0.17698728820986734 0.044207210549799814 0.1526194395144615 0.034938788873484054 0.055673610251882735 0.19644173433196993 
0.18016110526473383 0.15908138572395886 0.07383040221058156 0.20028705828500432 0.15812482238820974 0.10606524392138059 0.030612495551532802 0.030612495551532802 0.030612495551532802 0.030612495551532802 
0.08847854365121452 0.05850720861620786 0.15784575979200066 0.062299109861046385 0.1582156403811141 0.1600378955473511 0.09639223822172605 0.05165758245381265 0.08328301073776326 0.08328301073776326 
0.17062374037032638 0.1460259603995051 0.19656604918331042 0.18274543980091992 0.16537280778538077 0.027733200492111525 0.027733200492111525 0.027733200492111525 0.027733200492111525 0.027733200492111525 
0.11173896206725506 0.17315395561951175 0.14992308744364827 0.14115739958732404 0.19137740422440272 0.17912404267130608 0.013381287096638023 0.013381287096638023 0.013381287096638023 0.013381287096638023 
0.1515136763348506 0.02765915934053753 0.1599851218510302 0.18228233373213584 0.16322302326465515 0.10909262984300669 0.10544890068438 0.033598384983134603 0.033598384983134603 0.033598384983134603 


0.16684473342645756 0.07049596558001266 0.15390276705553396 0.08896049259424678 0.08863052865261034 0.02383910171388448 0.0870220124978245 0.08949508780170387 0.02312095894803561 0.20768835172969025 
0.1424857263022894 0.12033756826938276 0.10715171096615599 0.009723453027288095 0.11206878802719966 0.14087186502147717 0.01062526531304133 0.07195449329825931 0.08245840390505636 0.2023227258698499 
0.044037022165739105 0.03068127906129612 0.11234379530838219 0.12548841993628737 0.11937088776083216 0.1905721622190165 0.1813535830838402 0.06538428348820209 0.06538428348820209 0.06538428348820209 
0.137631177446332 0.09531319760855136 0.19511476713916437 0.15926167007619657 0.11655376894239386 0.14505532481490857 0.03776752349311331 0.03776752349311331 0.03776752349311331 0.03776752349311331 
0.003869858790947588 0.10344946764757215 0.046104785578559106 0.1029306216244608 0.16641434116439724 0.06206190332270638 0.07021733884100914 0.15234628715873497 0.1153379047312052 0.17726749114040752 
0.08352279692635026 0.18806070652496187 0.157015462506989 0.035163517801050426 0.023589793152636852 0.05626394882245862 0.0826422153005438 0.15655678066105952 0.10734400798477148 0.10984077031917816 
0.11702426057371648 0.04270053319817738 0.05491274233389191 0.04381773986494639 0.16228940348049878 0.16103351803456417 0.06689261187280468 0.15521522267745302 0.09805698398197361 0.09805698398197361 
0.19061336648065572 0.0689270186558835 0.0011974774178420847 0.13595094222563212 0.1746296419298446 0.10862644578097355 0.1299327121254972 0.06337413179455711 0.06337413179455711 0.06337413179455711 
0.14681969389190536 0.010551696705063994 0.18887710446928 0.07017853426925155 0.08008282129598489 0.13667414386383106 0.05040094194481568 0.10162883049510633 0.10331683000916052 0.1114694030556004 
0.19621068254542756 0.042366633424484414 0.02483372921295266 0.03445454812772832 0.17972045722507315 0.13555876257010885 0.13128785149609515 0.0712574525235376 0.09215494143729604 0.09215494143729604 


0.1764554068399004 0.04210069454446828 0.11002850756759452 0.1737444483864792 0.019695786109431058 0.09081852020356908 0.005058813992369292 0.042899282690725786 0.13520348369169263 0.20399505597376968 
0.17684784979175627 0.13479759753001364 0.009321636808917667 0.052986632255028726 0.18451741834005664 0.17612179875826728 0.007115255940189313 0.03717083264508107 0.019629809160399313 0.20149116877029005 
0.028140431917914356 0.14719245316973975 0.16271702655318113 0.06656667223186492 0.035602773906340215 0.138106832594727 0.02681730941596583 0.15765835067796471 0.035972159019439884 0.20122599051286233 
0.14723827175687662 0.11832433614414412 0.08562368093858942 0.18316579366842548 0.037063936342655084 0.08390976443331537 0.10742241786456949 0.1246841232898642 0.056283837780780006 0.056283837780780006 
0.18217880177927867 0.17137658353910953 0.004815829372109247 0.17634128147106454 0.1675849209386015 0.19287709001069475 0.02620637322228543 0.02620637322228543 0.02620637322228543 0.02620637322228543 
0.12402568831745697 0.0876141118808339 0.07349407993719348 0.18147631637140998 0.1787503092826424 0.17834984525857367 0.04407241223797241 0.04407241223797241 0.04407241223797241 0.04407241223797241 
0.10534333108064413 0.16990189304023343 0.0765838165056655 0.11997806752908792 0.09171282615584168 0.07092074163815007 0.14478507394759935 0.1814112600265363 0.019681495038120743 0.019681495038120743 
0.16006752965582152 0.040157350293722985 0.07426925727109249 0.020905445516308508 0.04495120144737763 0.16643684829704203 0.1277323882791476 0.10806172187967913 0.12729546549167653 0.13012279186813164 
0.01870916316938842 0.07893167214028085 0.1766802656259327 0.014740844648351258 0.08329883521424201 0.07246034256135692 0.025305061078266577 0.1604059782136286 0.15909102899035088 0.2103768083582016 
0.1510447728543387 0.1033494932487202 0.14214087439874407 0.12036710094791758 0.017685938246243184 0.08019763818400716 0.14373339242062536 0.026325923683365882 0.07458586097373425 0.14056900504230344 


0.0817562401665701 0.13434698488946936 0.03206968339539024 0.041196656487361906 0.008990715754040358 0.08524704488692439 0.16797829862279323 0.1867820053102192 0.139082411905985 0.12254995858124615 
0.017684130197778904 0.17254419876176388 0.09013445802007355 0.1097761770629444 0.06478136576090898 0.14088200804258383 0.08085937959287921 0.19519000172300435 0.06407414041903144 0.06407414041903144 
0.05175146207919368 0.022953493585484198 0.15307508519449534 0.17471044935649785 0.17735349018726929 0.024619598558518342 0.0844958115396508 0.13250984611657662 0.08926538169115697 0.08926538169115697 
0.12428853776449375 0.10183389438592587 0.00904813156652402 0.10550931010494155 0.17748466463653367 0.1996583046223943 0.08183994198709772 0.06677907164402969 0.06677907164402969 0.06677907164402969 
0.13584819210256247 0.07655134618357276 0.08794372029552854 0.19435605541948145 0.08307060368994257 0.131672856314983 0.12570561539438138 0.054950536866516006 0.054950536866516006 0.054950536866516006 
0.05096892388994081 0.03503451158559512 0.0918072469700956 0.11521752653464404 0.07563462779592933 0.16128841993977827 0.17645170035103688 0.15876453673736163 0.06741625309780921 0.06741625309780921 
0.1950154668695766 0.033530045969148506 0.2009424728111497 0.12770378989295214 0.16368582609268847 0.10784152155127205 0.04282021920330311 0.04282021920330311 0.04282021920330311 0.04282021920330311 
0.1233451506313562 0.02011590665840548 0.03190782255612381 0.11312495520365787 0.12528499694277875 0.18439248835369315 0.12868880923080017 0.016904579521120233 0.04434088298932096 0.2118944079127435 
0.19391646043678823 0.05659444596286425 0.14097142936250084 0.02957972906245838 0.12411470305747327 0.14919469517850475 0.011302330831489703 0.19580019743313865 0.04926300433739095 0.04926300433739095 
0.09507447505346443 0.08813266784432643 0.09462251017232658 0.0219284228876371 0.1540193515381125 0.10472536431482715 0.08726723648983829 0.0751350917807263 0.06912214852345022 0.20997273139529116 


Distribution for B
++++++++++++++++++++

Unigram
0.1968978024352501 0.14636464770514077 0.055983803100289276 0.07136587198744129 0.11667301183422829 0.08938196880491144 0.17070873097880118 0.05087472105131259 0.05087472105131259 0.05087472105131259 
Bigram
0.07884386468050808 0.04458122709420844 0.16828295998123016 0.10597079889925559 0.15348802168388773 0.16769771384660553 0.11441606478738815 0.055573116342305516 0.055573116342305516 0.055573116342305516 
0.19060553189930915 0.00245117182374368 0.13070150273661696 0.10332796292557274 0.1708226408924476 0.04697416612302261 0.1184471107716188 0.19981294093255103 0.01842848594755881 0.01842848594755881 
0.047007124715801374 0.006964939014757231 0.13552321575988086 0.022622374846677885 0.17655672618803495 0.16220723102760315 0.0869525221279491 0.1794195578655357 0.09137315422687989 0.09137315422687989 
0.1770939171632638 0.15103762270147975 0.11245388076355393 0.027161954975702264 0.19480479035779025 0.19463202365212318 0.03570395259652172 0.03570395259652172 0.03570395259652172 0.03570395259652172 
0.1574362080576472 0.09168837601073813 0.06341547975635743 0.07916863547190199 0.16701739851213115 0.06293964509803288 0.1862208154862225 0.0640378138689896 0.0640378138689896 0.0640378138689896 
0.10377382653283097 0.01571266133812217 0.1483224290269655 0.10436781225172803 0.050511783695284244 0.01463133372851586 0.13904470586575957 0.025823075793667074 0.19664672511276501 0.20116564665436157 
0.16566516995072408 0.04211501125929187 0.08171416158223618 0.038036166112433586 0.05012799396820844 0.0035895935380560787 0.07928419415769491 0.1902715312814009 0.16862598839093657 0.18057018975901734 
0.10456424294139842 0.13742645851595994 0.07227630467539424 0.06422666064072531 0.16968295199187408 0.060783651295327076 0.16644950552768822 0.014761287289993397 0.007083340221655509 0.2027455968999838 
0.12767003957138448 0.1408439518648173 0.008484771163470505 0.06300844143804644 0.010026982810556983 0.1491263213906606 0.147498915440617 0.09027791918768077 0.14891488962869107 0.11414776750407482 
0.10578563644047995 0.08016459057956457 0.011438329564489078 0.1506130244667796 0.16693115325074753 0.0601860226809256 0.05657872659023157 0.16694795282327796 0.10527336394388362 0.09608119965962059 

Trigram
0.1298711470523165 0.0760256161782571 0.16883443605535556 0.12516096063202123 0.09585731587574042 0.046840663527062044 0.021865732787347825 0.19439375873135728 0.07057518458027094 0.07057518458027094 
0.02680085285302438 0.09174009534974091 0.028033959009769058 0.178569478581033 0.08754635565647864 0.13068431767204788 0.09932583353377344 0.043822934470612473 0.10192510166348334 0.21155107121003677 
0.041933069391998506 0.05450670570806719 0.1541340058952675 0.027397914798426192 0.11051074833773664 0.10399552590242868 0.12750020803966894 0.05306892744752331 0.10891284308947931 0.21804005138940385 
0.1938251183738407 0.022701477070566845 0.1018047387655153 0.13624251816048097 0.17976663189343164 0.026619135901683945 0.06551395986009127 0.13738037584093954 0.06807302206672491 0.06807302206672491 
0.09667937680071567 0.10536672450878756 0.13976098066808437 0.1329303993853893 0.18518770047060146 0.09765742656415545 0.17113689814822053 0.02376016448468187 0.02376016448468187 0.02376016448468187 
0.03756690781241734 0.1424687975434333 0.02107231677319423 0.14765804340404326 0.047892276959381495 0.08177062322965167 0.12301832603419924 0.1487149310170967 0.09459449725529545 0.15524327997128723 
0.13120899935284075 0.14732425490997586 0.06428842267181763 0.027492840111202208 0.024935479419049788 0.11185071140111984 0.17531973030415232 0.026935294554699986 0.06723023700394874 0.22341403027119294 
0.130392554316496 0.025098274726646698 0.11951437367252024 0.1680571913393233 0.1494145567129942 0.023441982905827018 0.07678023628374644 0.09596617040677731 0.09123060759858348 0.12010405203708535 
0.1777665879446139 0.15729479379325098 0.0015015394415926135 0.15809102527491625 0.03927638690558804 0.13731977872616888 0.01688055614749724 0.10308695734434896 0.15865745974041967 0.0501249146816033 
0.03153352842790209 0.14684552323227076 0.0630616830374376 0.034113114704427995 0.10949074871350177 0.07883435202403699 0.18467367302122545 0.19097772756865444 0.08023482463527143 0.08023482463527143 


0.0199906426837555 0.09106957467655306 0.05914819273401215 0.17387357788073962 0.16364826723451542 0.04692833908339842 0.15100654755101856 0.09072747710314229 0.018369926552305026 0.1852374545005601 
0.14580807927553766 0.18251280769582603 0.1435431760654795 0.06419985543180606 0.14392355563529594 0.1511789362592038 0.04220839740921273 0.04220839740921273 0.04220839740921273 0.04220839740921273 
0.18639888058273132 0.0958327620862164 0.1706588114494471 0.04204942685319035 0.06558497943416297 0.11107872080340793 0.07656908824530902 0.03480865871559195 0.012327646705068519 0.20469102512487458 
0.0851763155973863 0.18940379280275732 0.0772440532682751 0.07837070148173533 0.038669335125101706 0.028196961629975734 0.20217293722159102 0.04713503815993961 0.03820535494359336 0.21542550976964447 
0.05675204324315369 0.055603345705655526 0.157333132754129 0.1931083625931638 0.19716832224714392 0.1313148644441238 0.028423843437761765 0.06009869519162275 0.06009869519162275 0.06009869519162275 
0.06275303784732873 0.019122831307432066 0.007656626850787606 0.09047329239045414 0.19150560560325014 0.04083562063640023 0.14982074494740483 0.05505612072474017 0.18121269968333598 0.20156342000886618 
0.05600682326119999 0.19690790092535793 0.03667848107354179 0.026270159795821743 0.14703634428630438 0.13307858165624828 0.026177134436714364 0.16847267551028086 0.12360004553082125 0.0857718535237096 
0.07225851291997563 0.10814370072524579 0.19753976788025357 0.014968219128161608 0.1837733677569684 0.03926560785742589 0.02267473291435543 0.00874555149270043 0.15486690744319725 0.19776363188171608 
0.0599551778260167 0.07759070531423759 0.08284008517809759 0.0832688697011135 0.036251514985606345 0.1206133053866809 0.044863323067500516 0.2002695131060579 0.07490692958562897 0.21944057584906007 
0.019395320681162675 0.023939768330753286 0.1068441626059627 0.18124009271700317 0.1290146073088872 0.09709381790095832 0.10980512470388663 0.15501660953216076 0.08882524810961263 0.08882524810961263 


0.16996782306048341 0.13354667315213076 0.05656230707532647 0.17647386934512282 0.11193020723032003 0.14859569862760447 0.1953336457157334 0.002529925264426212 0.002529925264426212 0.002529925264426212 
0.18224982949752394 0.08028552474625175 0.06878476517491841 0.1589457611881202 0.10374987931274242 0.08071979856847337 0.009250247363145458 0.04827702582546698 0.11103561935654196 0.15670154896681557 
0.1506191083523337 0.1916718149424967 0.1283988886436618 0.08081044380568839 0.19237347583121014 0.12366894138131287 0.03311433176082413 0.03311433176082413 0.03311433176082413 0.03311433176082413 
0.16911994146401577 0.020818633512508455 0.10662043452244417 0.14499809600081115 0.12367854032737557 0.03518307477144084 0.05550106651790752 0.1130094014350201 0.1858482418380372 0.04522256961043932 
0.18838540876046922 0.1351161955455291 0.18939221269719936 0.07803529437999987 0.1580121423109868 0.06766679961726432 0.04584798667213782 0.04584798667213782 0.04584798667213782 0.04584798667213782 
0.029720485633192083 0.16772185278876495 0.03211855535040519 0.021140430529954568 0.18269186598131 0.16413662245999858 0.09917768187893482 0.06681354294983423 0.15054338072741325 0.08593558170019235 
0.05925709742919336 0.1494721308465733 0.021090540332788475 0.08826795872585888 0.15766885846078785 0.030794612265625788 0.15081639373425815 0.1202788388517533 0.11978579599003145 0.10256777336312944 
0.0850119727925392 0.1714068731718396 0.10897841535090944 0.007791418767070345 0.147917204611681 0.185922513641055 0.09847854341831123 0.06483101941553138 0.06483101941553138 0.06483101941553138 
0.1709851417691593 0.09019834683499581 0.19605521450617036 0.1567396641055569 0.11925730099655878 0.08872580413089753 0.04450963191416535 0.04450963191416535 0.04450963191416535 0.04450963191416535 
0.06904793361827335 0.08279777085256583 0.04097986116343526 0.17694479746135355 0.1779675937929382 0.02384856391736323 0.05848552082147287 0.14785548013135086 0.1458872562250471 0.07618522201619982 


0.18923014248758346 0.14010627426189284 0.11835831487916967 0.18995346745032718 0.16379371781440388 0.03971161662132459 0.03971161662132459 0.03971161662132459 0.03971161662132459 0.03971161662132459 
0.10390533588887985 0.14216996098463036 0.13963907383284418 0.0742423625187177 0.09900503259373135 0.15443689606147876 0.08652177296649333 0.06669318838440814 0.06669318838440814 0.06669318838440814 
0.09053031273392151 0.10872178414403248 0.07315846558941785 0.06334187932272817 0.12192463089153076 0.1291985350256927 0.04388632701536761 0.04824810023178812 0.10611011698887475 0.21487984805664598 
0.04854091179393829 0.04664510840846288 0.16993037049153353 0.20193407163530247 0.09443991205926125 0.05849338537420738 0.02668301935491144 0.1057070487850413 0.03406835703002427 0.21355781506731714 
0.16971635665460616 0.11423755065091605 0.1819212169647028 0.07323200325950067 0.13795505895551405 0.003992654330236044 0.1836915357491721 0.04508454114511742 0.04508454114511742 0.04508454114511742 
0.056411125720764635 0.08347276410987828 0.16505109487392358 0.10172134134269636 0.09420694085049106 0.05974568257091415 0.043166158614819074 0.04105564795870087 0.12074012787644234 0.23442911608136965 
0.18643386571438142 0.03600128250827326 0.05457062879315009 0.14585597974437903 0.13668160822560102 0.10236415242981896 0.05182838096946261 0.02685832600302802 0.05487566870479983 0.20453010690710566 
0.017137214731956216 0.01658199352855274 0.11464972829423463 0.14327128640165834 0.024727361631571586 0.16260924889615871 0.04903462587237739 0.10394318526070905 0.15944259681232262 0.20860275857045874 
0.04550012382545978 0.14269911391149714 0.14547278546667125 0.09548804593437828 0.1279567364416939 0.011494511555243836 0.12574236417687437 0.06001195242807944 0.057363566685493986 0.18827079957460807 
0.01820066649396168 0.05551422250476636 0.06801850035553153 0.15187314004091304 0.04069311384707144 0.15034018176446043 0.19355495858484575 0.09008973683001581 0.10891046377080779 0.12280501580762598 


0.15156973926521666 0.16741750036097147 0.10171978197080112 0.030763840844621672 0.10639141795392575 0.02599689345748546 0.05200314888245772 0.12615018113688736 0.1549125850668516 0.08307491106078108 
0.14893845840864392 0.1563586573594672 0.09076288811011425 0.08550649522361477 0.19476419085284472 0.06759552579682654 0.04151582474498938 0.049907716649957724 0.08232512142677069 0.08232512142677069 
0.16548325820462956 0.023487694463096398 0.042282142038256136 0.1761111842423928 0.041375102648522954 0.13641783261072274 0.13905601513623037 0.04183088255383947 0.02872712467741674 0.20522876342489296 
0.15959007584185295 0.0987278668940817 0.06446217210853634 0.09261284234333027 0.022498644163944006 0.17944375061150009 0.023772050571112136 0.17796856791825824 0.09046201477369206 0.09046201477369206 
0.078363416691937 0.1924055513929905 0.09642538950132132 0.1345494936861902 0.008498564634941894 0.19007646717780008 0.11865505580511013 0.060342020369902945 0.060342020369902945 0.060342020369902945 
0.17610418658094426 0.04716050587886482 0.011800330602320552 0.188238790960178 0.1789182573838271 0.1780384244968893 0.15941590389947768 0.020107866732499414 0.020107866732499414 0.020107866732499414 
0.08331224478648702 0.01891366579975946 0.05540491199466826 0.05312320793553884 0.1983526319650611 0.06304822675792891 0.11268411692793204 0.0910242413228107 0.13253547781712702 0.19160127469268665 
0.13146326310668946 0.1819523658572317 0.1197366299524166 0.19219282677338315 0.03573653684569405 0.051364295955882634 0.14233308197552672 0.04840699984439184 0.04840699984439184 0.04840699984439184 
0.12336011007325516 0.08115979860408126 0.12084382089323191 0.05309612043328118 0.06262970319103815 0.08168656583534684 0.05695953371264906 0.046710844658341966 0.13040718708444024 0.24314631551433413 
0.09330160830975377 0.13077308133626972 0.16239851010345643 0.04623558319738208 0.18995792139967374 0.1375988791124885 0.1785045528890065 0.02040995455065638 0.02040995455065638 0.02040995455065638 


0.10094107710605651 0.17222632121484266 0.17469034608266187 0.1663834114066314 0.1846591668484411 0.12602505925654725 0.018768654521204825 0.018768654521204825 0.018768654521204825 0.018768654521204825 
0.1264260964654355 0.13617060095024733 0.132019344756444 0.10414136921539996 0.07304305591645095 0.02960344438133746 0.03433091189889779 0.06715020907407099 0.08752755854095094 0.20958740880076496 
0.18221126019064213 0.0872220619003447 0.023883932889713487 0.04722495936257498 0.10536816405285002 0.032242449372515636 0.06371726367557377 0.08174780810860716 0.1564340357361124 0.21994806471106584 
0.09833880411981642 0.1374115340457906 0.02474212796637447 0.10952086910951463 0.056274564469773275 0.02908982401488351 0.06186693835925286 0.08219164083918318 0.1797433433817182 0.2208203536936928 
0.05636337669917524 0.03128091200688434 0.15771573689836454 0.028303311022032006 0.1994772879708205 0.06873944623707025 0.13521274414952206 0.06507698085108722 0.0330973471347403 0.22473285703030338 
0.11559504197342027 0.175497126459952 0.032223479557159054 0.04845522135959377 0.046592659397890215 0.09229304300364853 0.11012321796696442 0.08297476932363837 0.07217593143093733 0.2240695095267961 
0.11664763014927566 0.15862369164889673 0.06517862547255666 0.12058029692746766 0.10447367377529375 0.16378816403429983 0.08650054805624392 0.061402456645321936 0.061402456645321936 0.061402456645321936 
0.19373143992875222 0.07297402055539613 0.09806035357453234 0.17555657030210087 0.09310683343672571 0.18511947317480268 0.04536282725692257 0.04536282725692257 0.04536282725692257 0.04536282725692257 
0.09182996509068929 0.11846963530971505 0.10955040647805046 0.18980747808615647 0.1248837863215979 0.1655467229322774 0.04997800144537841 0.04997800144537841 0.04997800144537841 0.04997800144537841 
0.06019115757653779 0.16872421521184364 0.056936733384121085 0.14947273109913428 0.15045592745798558 0.13163655406576094 0.19370925140358347 0.02962447660034438 0.02962447660034438 0.02962447660034438 


0.13587736323853267 0.17974895969295912 0.08731611187723765 0.0865795461509971 0.07971988846485348 0.09209178081341687 0.02384522354445844 0.11245752552686165 0.09617188399414603 0.10619171669653713 
0.09836182733657799 0.195238729264828 0.16750369177360605 0.005140497760518058 0.13904830471617638 0.11599733194265463 0.02613155617092886 0.058880433674668685 0.09684881368002073 0.09684881368002073 
0.09930178119400503 0.08807098411195226 0.08285191546264123 0.12515469201733018 0.06022726219248743 0.07694303302219316 0.11835917454903754 0.12344492237211663 0.12015336966740224 0.1054928654108344 
0.16257307597976833 0.032851664011417585 0.07530902108019283 0.0529413744324205 0.17497306693439224 0.14767622719343965 0.09589203919090873 0.2009824001937004 0.02840056549187987 0.02840056549187987 
0.09430973803783933 0.0025617663146941796 0.1741461035683207 0.17628673146323356 0.16244745912324632 0.1874052145735445 0.09643146352937071 0.035470507796583534 0.035470507796583534 0.035470507796583534 
0.15491688291440797 0.014488158973573917 0.19005719340623828 0.14412612435865155 0.013300746608011126 0.19632412992742448 0.16370610680521738 0.04102688566882509 0.04102688566882509 0.04102688566882509 
0.0430325064898745 0.19253300338100862 0.11584624192238514 0.10750735565413348 0.04618874253217803 0.07660294658622095 0.02845993835556194 0.1993582786558917 0.09523549321137284 0.09523549321137284 
0.16280347003021034 0.13776931696246336 0.03452566956307661 0.03349823444557167 0.15660466127141667 0.18620571657524485 0.06861688213795598 0.06628220638453115 0.07684692131476467 0.07684692131476467 
0.08210313258245873 0.06397108491273357 0.18575478952385205 0.03431905678525815 0.11205622787545386 0.05447128696091881 0.07407010664669113 0.16670873567540087 0.025191576562820873 0.20135400247441207 
0.1864114107275393 0.18848069688354277 0.11850325752957826 0.06548965719958123 0.12334840689463424 0.16941820442373073 0.03708709158534833 0.03708709158534833 0.03708709158534833 0.03708709158534833 


0.07621670384752262 0.16489440774285363 0.006911741633845646 0.010332591379385601 0.17608995245947773 0.16960783465007617 0.16842590826433784 0.17493171562291793 0.026294572199791394 0.026294572199791394 
0.024185915688456173 0.10302165829447438 0.12791296727191548 0.027798824484856897 0.19678695405837782 0.17371000590563973 0.019856002867674936 0.06535531493650402 0.17435532397109924 0.08701703252100122 
0.16615586988091474 0.0547397016150768 0.09639692076643154 0.09781024940612248 0.19282818455043912 0.016093315013031594 0.08487356462606446 0.11883182871806848 0.08613518271192541 0.08613518271192541 
0.13745885034881294 0.054735927812378515 0.03806116997870729 0.19385101627151832 0.08519730468255428 0.11416199581882044 0.164117660253755 0.10457860150886461 0.05391873666229436 0.05391873666229436 
0.1203826566522802 0.1783844231342822 0.17403686860094467 0.07133991618432023 0.10409494396739623 0.10662625323230512 0.03985673629570998 0.07915993504591501 0.06305913344342313 0.06305913344342313 
0.07993845414931995 0.05237013062773273 0.11220675809639205 0.024026375882349016 0.05936338298138215 0.16514717356452874 0.13246854391563972 0.02378735646515182 0.12729794157136368 0.2233938827461402 
0.137857832020731 0.07265652333662646 0.011400542509905031 0.1984345572080583 0.010843328232786376 0.08534013508002818 0.15114071976002993 0.0717589945520662 0.17357267914918456 0.08699468815058398 
0.1424516039773082 0.11114754024912424 0.11690763397355326 0.03439028295457154 0.09738334129088282 0.05247562039079734 0.06951706404329361 0.132856593858244 0.14644548574939698 0.09642483351282799 
0.10757057835300401 0.04291867840721166 0.041413261591759065 0.07273167459882383 0.15188026124320836 0.028933422922837695 0.09014535498605272 0.15950190638497905 0.09258168342513332 0.21232317808699028 
0.09323683528903642 0.11174222157432054 0.07748842378885162 0.03280810360962207 0.07544673177446531 0.08753392998925497 0.08995164295578029 0.12993109732144997 0.09517299350932844 0.20668802018789026 


0.06732135717068176 0.15818358946355227 0.044404924417221214 0.04227872541250286 0.08960489345303752 0.05343710799989885 0.18525668426484984 0.1797693523546071 0.08987168273182436 0.08987168273182436 
0.08709513850536173 0.16069373891357636 0.13738211524480848 0.09688529733189004 0.14799771538246345 0.07726056134222925 0.15241359377989552 0.04675727983325842 0.04675727983325842 0.04675727983325842 
0.02663391387644909 0.15467677464910187 0.14568168030049988 0.06158379801527876 0.0888976937010408 0.1276526262268208 0.07483128773987688 0.13053926564914703 0.09475147992089236 0.09475147992089236 
0.04484774137773673 0.1628994077812435 0.02887088669883464 0.13360582338161806 0.14256384769862349 0.11548158933616365 0.01971783163861731 0.0961033627346431 0.048942158485254336 0.20696735086726534 
0.1878023893723642 0.042309851646779764 0.03485082985284906 0.06647382592626475 0.1889068969277476 0.06548504391461615 0.029677772927403635 0.18451423151086432 0.0999895789605553 0.0999895789605553 
0.13530205457278524 0.19888690570280404 0.04518678978961896 0.10388199369723729 0.009945198193643798 0.10333957572845363 0.10403386785583728 0.13175882755477378 0.08383239345242305 0.08383239345242305 
0.12225913125338665 0.16933603735427685 0.157779620290469 0.12608721041292273 0.09467787470380966 0.17602334599407302 0.038459194997765574 0.038459194997765574 0.038459194997765574 0.038459194997765574 
0.17783746024257893 0.18934056501910218 0.13942571626137135 0.006349469362660564 0.022021838224987177 0.03291135736252 0.09811033056879655 0.15419835571344212 0.08990245362227055 0.08990245362227055 
0.15366772547715832 0.044055330728971345 0.13732338283614293 0.11470397034051043 0.05537478540024234 0.040977824097025065 0.03274230719417046 0.15204999123480759 0.1692623965450521 0.09984228614591933 
0.19325531870328916 0.05483004723313675 0.08204586699212212 0.16047382292350665 0.17578770865374607 0.1173601946979284 0.19824683835716111 0.0060000674797032584 0.0060000674797032584 0.0060000674797032584 


0.15900943205742837 0.12313921699279293 0.1627143312771053 0.08620633706522088 0.0502380948015698 0.08868657921360908 0.16409942273636494 0.0553021952853029 0.0553021952853029 0.0553021952853029 
0.14272159911463933 0.06172083441350793 0.012939407938970969 0.061126910618088816 0.025397366930068 0.19463846453524303 0.08334722876359756 0.14557858056835188 0.09648040147940513 0.1760492056381274 
0.1861656556199209 0.050888321066297815 0.06960193394008643 0.15059190819392662 0.04231547597025478 0.0596211675603199 0.08818691073804757 0.10636066094158246 0.13299579015577254 0.11327217581379115 
0.1510225314951013 0.09312217806268225 0.04122847463471389 0.04051591486180772 0.0969081983064064 0.19966433335301312 0.19788122874583788 0.05988571351347921 0.05988571351347921 0.05988571351347921 
0.08947179839567299 0.0847938431756952 0.1084158198864511 0.1474267170075369 0.19346748751556297 0.1845427028915582 0.0479704077818806 0.0479704077818806 0.0479704077818806 0.0479704077818806 
0.1339535038174577 0.03845704111710233 0.009695444659422514 0.08159018867583552 0.06095986180555919 0.15420003067569385 0.11361044218162464 0.11246802557296964 0.08625659828277836 0.2088088632115564 
0.029652073744372776 0.011779315515303312 0.20147594251028209 0.11716075972940158 0.08294829897212756 0.08161909563977907 0.013620177729166703 0.11311474406837511 0.14549623954161656 0.20313335254957526 
0.1328968234463236 0.07045388148518737 0.05683732897214 0.049594553238385 0.06297288148806598 0.05791154176561684 0.07763857079676802 0.14933769660171747 0.13719298512786815 0.20516373707792757 
0.15967105128888587 0.14995902857465285 0.037407815337045756 0.1315017399997509 0.13098545348114088 0.06300488383639917 0.08156960578621608 0.1355934149442081 0.05515350337585019 0.05515350337585019 
0.06432833116183026 0.19060048339233635 0.11511979751396868 0.1163522382532695 0.09752065891688211 0.09955842810982829 0.010514526610994078 0.056153178701307024 0.13341985960903374 0.11643249773054998 


